-0.230842
-1.564962
-1.333022
1.178468
-1.108845
0.162125
-0.768446
1.205563
-0.977922
0.715367
1.653844
-1.137917
0.726822
2.810799
-0.930786
0.554556
1.109970
0.820896
1.676086
1.141926
-0.648714
0.153574
-0.540796
1.386294
0.298023
0.925817
1.023570
2.641706
-0.056797
0.472148
1.169823
1.297558
3.168830
2.269225
3.276386
0.974033
6.072566
1.610562
1.034095
1.527481
2.048120
0.454899
0.517823
2.558228
0.922449
-2.820381
3.664696
0.549014
1.823475
8.224899
1.362446
2.062511
2.460570
0.416127
3.118749
2.199979
-0.659333
2.223117
2.241938
0.990920
2.771057
1.474418
2.078293
2.678163
8.486976
-0.300789
-2.551366
3.252579
2.321312
1.053042
7.601514
1.708206
2.730110
3.150875
2.639987
2.017684
8.085719
3.521954
2.766121
2.224146
1.058276
5.248086
3.335887
3.185777
2.146061
-2.739968
3.056810
2.226156
3.712956
3.809103
1.903378
-0.813150
4.405615
7.905880
2.057134
5.721447
3.598257
3.372650
3.550805
1.784022
1.671388
3.149655
3.020228
4.188174
5.850538
3.760432
3.982152
2.731626
6.140663
4.378771
5.675683
4.415127
4.940006
3.775719
6.118857
4.157200
3.665411
4.296492
3.405592
3.253826
3.364624
3.533367
4.258950
4.191540
4.434088
4.450629
4.290841
2.517065
4.776007
4.469907
3.817957
2.704493
4.959635
5.589586
3.878860
3.274506
5.274733
6.138632
3.653822
4.901030
4.064900
3.723896
6.347278
9.451903
5.383855
4.722373
4.609839
5.227598
5.168120
2.965355
4.759826
9.916848
4.546087
10.337844
5.519702
5.171282
4.182650
4.616198
6.178355
3.470412
4.797194
6.838949
5.019842
6.207616
4.849427
6.518879
6.582723
6.767245
6.322874
4.720130
7.587695
7.241909
5.472078
6.686074
5.113642
5.147071
6.110474
6.694024
5.293873
5.543810
4.356978
6.933992
6.413355
0.693291
5.711212
6.590771
8.361480
5.430448
4.743707
6.445660
6.720963
5.885149
6.933868
6.692333
4.982902
9.261969
4.990711
6.748949
6.738211
7.737305
6.529610
8.175014
6.559235
7.974563
7.268499
0.149437
7.951424
7.302780
6.559493
7.796376
6.363985
7.252580
6.036299
7.603087
10.373095
6.296487
7.798131
8.000496
8.943282
7.725756
8.673038
3.080486
7.344510
7.553009
6.263437
6.145040
8.291337
6.882056
5.926325
7.091029
7.984307
3.517681
7.246751
9.704864
7.468761
5.751295
8.043580
6.549074
7.733279
6.906869
10.227819
7.711971
7.010676
8.039867
8.945947
8.092981
10.071721
9.684144
8.283858
7.338613
8.099937
6.330178
6.823450
7.670024
9.289696
8.515151
10.487118
16.811596
8.775925
9.236029
7.595076
8.124554
9.078781
8.039728
7.674572
8.325380
6.735974
8.435531
7.271796
9.383508
10.713406
10.370995
8.160068
9.189376
7.622411
11.439412
9.628887
7.791237
5.110596
10.506155
10.781187
7.730584
8.551207
8.418398
8.290597
3.256108
9.767173
9.469166
7.722352
10.294760
14.156968
8.961160
9.672458
9.679439
8.475613
10.155411
9.006042
8.959672
11.100452
9.700338
9.147734
8.258729
9.350522
8.627533
8.868661
10.626215
10.112110
4.822802
8.672594
6.592097
11.020703
7.917938
6.273180
11.020051
9.318061
10.573504
10.225452
10.432969
8.136425
10.120929
5.604256
15.072860
14.047092
10.556079
10.315043
10.381341
10.388402
10.752195
9.949060
10.291988
9.931163
11.786311
12.202544
8.542229
10.730866
9.287067
10.651883
10.543746
9.097500
8.522367
10.897425
9.003731
10.268562
15.455088
10.930144
9.978953
10.830346
10.402691
10.462429
10.299990
10.113558
6.432676
11.509167
10.382016
10.795378
9.121958
9.865480
10.946040
11.051839
11.825780
11.111381
11.202748
11.911325
13.928916
10.481359
14.078484
9.637143
10.389610
9.849430
12.217846
12.442356
10.963298
9.598536
10.971252
13.716968
8.943010
10.510643
13.132739
10.774037
12.462538
12.441724
9.915228
11.886514
10.610360
6.220243
11.903103
10.520945
12.115067
11.553944
11.783988
11.329356
10.174963
11.435778
11.893466
12.360112
10.888931
15.861781
11.248103
9.560806
11.522924
13.500949
16.612634
11.739660
9.372409
10.418557
11.386989
12.155074
11.881960
11.266238
7.755917
11.841149
10.968307
12.125265
11.292036
11.804552
12.337515
13.416235
12.302929
8.672572
12.502559
10.631123
11.735883
13.178738
11.468307
11.158289
11.788278
11.619756
11.008095
11.307697
14.394657
16.423589
13.475099
12.841035
12.790583
12.734388
12.126249
12.763090
8.254928
11.163551
11.639650
11.043438
12.522460
13.206417
12.430384
12.751847
14.389376
10.534852
11.686979
12.482406
11.150593
11.300782
11.502191
10.834179
13.165015
12.631167
11.403196
12.797871
14.021951
11.476688
10.436770
11.541044
12.442514
12.018504
12.865883
13.273537
12.363466
14.569267
12.904164
4.901729
12.815545
11.713759
13.138454
13.091502
11.947187
11.063390
12.240392
12.442789
11.238281
10.900204
12.672975
12.412837
11.706305
11.304892
11.362404
13.228164
13.216843
12.812921
18.754307
14.017756
12.544321
11.624685
11.454502
11.716911
11.957545
18.770812
11.061398
12.431339
6.389215
12.588063
13.027966
11.738085
13.099005
12.327876
13.485499
10.953297
12.025554
12.311805
11.856870
6.930618
13.499859
13.667976
17.229142
11.508036
13.446095
14.017021
13.415526
13.668138
10.692142
12.347725
11.906241
11.604191
13.027032
12.750791
13.121126
13.080844
12.795569
12.958273
12.977763
13.807070
12.684904
11.501378
6.570760
9.807836
11.969656
12.103094
11.985055
12.602026
13.983155
14.348798
12.223867
13.957551
12.107652
12.756473
13.207113
12.341313
13.207066
13.760900
12.498092
12.092195
12.748401
13.339620
12.919167
14.405624
13.937371
11.845426
17.633768
9.653213
11.322623
12.704457
12.834190
10.365691
13.142131
10.694097
13.297353
13.098311
11.506853
12.971083
13.992573
11.980404
14.135469
10.464971
12.638831
14.451846
12.141935
12.837565
12.731549
12.898774
10.984520
12.357994
14.303372
12.737134
12.750174
10.021678
13.657597
13.150737
12.723646
11.994004
13.746326
13.130400
13.618340
13.542345
11.922483
11.761115
12.819132
10.067873
12.276175
9.166937
6.753458
13.628880
11.363866
14.364939
19.326265
12.618092
11.827664
13.243362
13.270731
11.730050
13.926625
13.949549
12.652762
11.679883
11.425815
12.235864
10.999498
13.247432
12.541053
13.302947
11.969638
15.469282
13.198257
11.540305
9.720439
12.936477
12.526228
11.890413
12.374993
11.342827
11.681707
12.014082
13.189638
14.637333
12.581422
17.263441
12.828559
13.542823
11.525155
12.187871
12.553077
12.386320
13.074087
11.104806
12.840864
15.346315
11.629654
14.040271
11.158717
9.803295
13.122678
12.237442
11.022320
17.391486
13.784562
13.208641
13.465749
11.859416
11.693949
13.150575
11.466054
11.015730
10.802569
13.028628
11.377789
15.506430
13.828907
12.940619
17.120542
11.701974
13.053372
13.718814
8.388508
13.430498
11.822820
11.770908
12.722277
11.658763
12.438817
11.089434
11.662514
11.911887
12.555086
15.313632
11.921682
12.222391
13.172230
12.068891
16.330896
13.926761
12.481411
11.362743
11.474756
10.679932
13.277220
10.613644
15.888620
13.136904
13.504099
7.676460
11.322727
17.657072
12.968118
18.073340
10.519112
10.240768
12.944120
11.163630
12.490813
11.205392
12.127711
11.515312
16.697260
12.487683
11.130765
10.222877
10.873406
11.703870
10.350181
11.403034
7.846169
11.661514
10.679931
12.174225
8.774233
9.656736
11.762795
11.432945
12.412514
13.882698
11.933794
12.397754
10.577045
10.868842
10.761106
12.213225
11.769630
11.506968
7.702197
11.475799
10.653953
12.489315
9.888746
12.921337
4.832465
12.140971
10.152572
11.347323
9.130731
7.442674
11.311861
10.594979
12.020847
11.338989
11.269114
11.313929
12.571113
11.259585
15.726965
11.062711
10.023121
10.432831
11.245075
11.001776
11.532950
11.402995
11.218777
9.210056
11.283614
10.704980
2.103189
14.329404
10.396585
10.188770
11.934344
11.535237
10.817141
9.018529
11.045111
15.442654
10.910650
4.349350
10.339163
10.496495
11.805215
7.755420
10.385914
11.167500
11.898173
12.355344
11.482388
10.760273
3.837424
10.928726
9.657066
9.229749
8.373899
9.957208
11.282013
9.601324
10.484409
10.293687
10.562917
10.711568
10.954723
10.031342
11.904197
11.982574
8.338937
10.537854
10.498354
9.913791
10.806796
9.738085
10.395768
11.347872
8.970701
10.535308
6.693912
7.908765
9.531157
10.283647
11.562980
12.180615
11.191850
8.984189
10.065758
10.028329
7.382781
10.679597
11.058652
8.779994
7.775086
8.910681
9.911658
9.069240
10.632270
12.536333
9.853693
9.907864
9.903816
10.157392
9.704204
9.389570
9.165804
9.765742
9.924373
10.813565
9.897733
10.784230
7.652308
9.253119
2.224729
8.938181
9.157153
8.765261
8.576484
9.695598
9.831212
7.130574
9.997298
10.803434
10.449620
8.944052
9.274833
10.443439
1.267389
8.595387
9.523923
10.086107
9.083669
10.017658
9.843155
7.427680
7.803451
9.512501
8.298053
6.920830
8.646973
7.029385
8.599912
9.428154
7.384814
7.216115
7.454970
9.365416
9.217391
6.132935
7.811278
7.454509
8.003600
8.120542
7.497143
9.885580
10.900336
6.433197
7.679307
8.127026
7.257792
8.655589
11.823251
3.720090
6.938724
8.937663
8.454096
7.958927
8.346703
6.908798
8.524144
9.815192
7.483138
7.859254
6.225760
7.122874
7.675944
12.535866
7.831097
9.451597
7.969734
8.343005
9.274672
7.504072
5.991025
7.067837
7.988906
9.003798
6.656213
8.050714
8.184491
7.202552
7.715351
7.984853
6.501780
3.411816
7.046766
6.689255
9.060440
7.260050
6.655612
6.863854
11.345157
5.875798
6.066374
7.272090
5.528926
8.386630
8.884875
7.875676
6.237827
7.498320
6.791601
8.076924
6.763029
5.773838
7.112721
6.560876
6.797255
6.968926
6.397841
7.160073
5.860784
7.207661
5.773299
5.686257
7.037329
5.216236
6.288527
6.927655
6.727946
5.452793
5.970568
-1.547834
5.951652
4.321544
7.643555
6.872232
9.396620
1.238405
6.613000
0.549196
6.159119
5.464707
5.116556
5.286196
5.575736
6.120792
5.520015
6.472137
6.483753
7.002186
5.813801
5.808586
4.443352
6.678196
6.652952
6.958241
7.295754
4.703839
5.026735
7.247948
5.469072
6.868840
4.740550
3.759497
5.886273
5.890043
6.329983
3.175225
6.446673
6.260084
5.727892
4.159944
5.930432
4.823295
3.851886
5.748601
6.943249
2.949063
5.595789
4.818560
4.873634
5.006017
4.133483
5.924263
4.174833
3.503897
4.265453
1.637128
4.444708
4.693897
9.526338
5.297793
3.871818
4.164073
4.974097
5.993173
1.282231
4.909387
9.046607
5.013547
4.177094
5.049547
10.768188
5.711127
3.704873
8.771096
4.275886
6.009691
-1.208502
6.551983
3.756724
5.359412
5.607706
5.180067
3.461499
2.356209
4.963883
2.283491
5.049247
10.277270
4.231092
3.890828
6.631744
4.050428
3.679569
1.441081
4.559524
8.066370
4.710852
4.748229
2.978715
3.440505
2.743278
8.981260
3.962287
4.743290
1.322569
3.929049
3.225789
4.736881
2.770608
3.578603
3.814997
3.481581
2.876095
1.860004
2.251735
3.837714
3.594730
3.946707
2.684145
2.218376
3.684549
3.793648
3.893842
2.502628
3.477770
3.391888
3.676577
2.390009
1.951083
2.447938
2.356286
2.778545
2.705595
3.617895
3.322186
1.361363
6.936663
-0.832194
1.778627
2.465259
1.678852
1.389534
5.184078
2.494874
0.969631
2.982672
3.420612
2.547229
4.302680
2.102983
0.749562
5.768138
1.782545
-1.593998
2.143186
2.482680
1.980403
1.518173
1.557552
1.200726
1.824160
1.777325
1.566309
2.445248
2.903803
1.634293
1.773916
0.542088
1.187158
0.528008
1.970891
1.952899
1.707407
0.973333
0.827166
2.208026
0.822958
0.557903
0.896532
1.955423
1.711964
0.972689
0.501207
1.392485
1.336748
1.057984
2.395092
1.079602
1.454311
2.175312
0.100354
1.720771
2.272349
2.491312
1.748768
0.849572
0.711971
1.876115
0.751115
-0.408793
0.865044
1.039751
6.765469
0.009502
0.298087
0.678774
9.194009
0.930572
1.579271
-0.234833
0.683874
0.639631
0.911929
5.322308
7.103171
-0.933508
0.930612
0.624865
-0.681925
0.541953
-4.492058
0.469322
1.110972
0.582967
0.025980
3.509597
0.213309
1.057369
-0.448078
-1.914409
1.273366
0.321387
0.304976
1.004170
0.125335
-0.465565
4.045095
0.504917
-0.452746
-0.569583
-1.052800
-1.174216
-0.771336
-0.598920
-1.367438
-4.565141
-0.617538
0.174287
-1.139900
-1.709118
-0.596149
-0.422402
-0.373189
0.070512
1.135076
3.684888
-0.056893
0.009799
0.049511
-1.056897
-0.068958
-2.068136
-0.732439
-5.985657
-0.640786
-7.160315
-4.283630
-1.236503
-0.256164
5.029394
3.297961
-0.612558
-0.980494
-0.169380
-0.228806
-2.181294
-0.065026
-1.217989
-1.297038
-1.391110
-0.611578
-1.668102
-2.637902
-4.727254
-3.025300
-1.310656
0.556788
-1.151510
-2.081359
-2.085395
1.821553
2.374267
0.112759
-1.113643
-1.922709
-1.874673
-0.839751
-1.614832
-0.549598
-1.546675
-1.669193
-2.368346
-1.695909
-2.360903
-1.272827
-1.929286
-1.713750
-0.950315
-5.402664
3.489785
-1.592912
-2.538169
-1.507332
-1.380537
-1.437766
-3.666969
-1.838058
-2.940615
-1.996804
-6.704664
-2.219261
-1.124148
-2.048641
3.099196
-0.934319
-3.278523
-3.920419
1.322776
-1.741072
-0.623513
-1.848709
-3.022078
3.067923
-3.117892
-2.446592
-2.213163
-3.632436
-2.517240
-3.151761
-2.075520
-0.464309
-1.016596
-5.783421
-2.536815
-3.120563
-2.085288
-6.948996
-3.247984
-1.322229
-4.187237
-3.367996
-2.374399
-1.121971
4.055238
-5.374147
-3.918329
-0.525654
-2.047616
-2.472695
-1.388900
-1.519789
-2.551349
-1.987629
-1.300719
-2.478952
-3.616280
-2.068300
-0.328813
-2.102891
-1.514989
-3.332979
-4.799497
-3.644293
-2.601395
-3.725408
-3.840076
-3.985888
-1.035038
-2.694277
-4.133184
-3.072222
-2.571349
-4.247657
-4.069530
-2.257699
-3.524740
-2.813643
-2.986427
-2.118155
-4.287511
-3.361085
-0.019077
-4.427902
-2.226043
-4.107852
-7.436366
-3.954074
-4.442434
-3.490667
-2.555165
-2.333340
-3.898420
-2.537529
-4.138269
-2.745258
-3.100085
-4.131983
-4.632817
-3.894569
-2.943552
-4.916741
-2.292130
-1.991112
-3.374661
-2.720786
2.652034
-2.305325
-4.178691
0.517835
-3.471656
-3.295080
-4.652540
-3.935334
-2.387431
-9.827059
-0.388494
-2.362377
-5.148830
-3.003717
-2.898365
-5.293081
-3.282642
-2.490674
-3.855901
0.485916
-3.176953
-2.892716
-3.793214
-3.466873
-4.359554
-4.432278
-5.125336
-4.823723
-1.977637
-4.636716
-4.628707
-3.423660
-3.934113
-3.609099
-2.583587
-3.139835
-5.659690
-5.078615
-5.186257
-3.505743
-5.212273
-4.881260
-4.357365
-3.273690
-4.755326
-3.460445
-4.383752
-4.467925
-3.202800
-4.399723
-9.501554
-4.771916
-5.728784
-2.270837
-4.881751
-4.052513
-3.664413
-4.328377
-8.476580
-5.203575
0.381889
-4.567550
-5.429699
-4.168445
-3.971391
-4.227864
-7.391497
-3.443561
-4.771233
-3.384123
-5.563631
-3.835556
-3.924309
-4.821483
-4.599367
-3.917580
-4.801895
-4.642037
-4.466133
-5.988323
-4.875712
-4.296766
-4.923040
-7.921986
-5.484256
-4.577020
-4.675363
-4.318019
-5.662548
-3.356423
-9.437899
-1.014932
-4.316660
-5.058660
-6.736754
-4.373819
-4.466381
-5.171712
-4.963281
-4.184974
-6.294498
-5.284145
-3.701892
-5.371039
-3.708272
-7.085720
-5.719731
-4.089590
-5.590139
-6.463762
-7.091375
-3.406015
-4.825515
-4.624622
-3.989515
-6.530422
-6.452779
-6.687975
-6.002696
-4.894393
-4.356944
-0.054928
-5.638406
-4.875552
-3.811918
-8.025508
-7.124733
-5.642288
-4.383397
-6.917143
-5.288402
-4.205766
0.625822
-5.668290
-5.275716
-4.508601
-5.444886
-5.235499
-3.835976
-5.432758
-6.077499
-6.791361
-6.174039
-5.314297
-5.967674
-4.891991
-4.396788
-5.047580
-6.577518
-6.865896
-5.661125
-4.193620
-4.452720
-4.752875
-4.412291
-3.966282
-4.639676
-5.226990
-5.417813
-2.600786
-5.735881
-4.935681
-5.754535
-6.255257
-6.550584
-6.032666
-4.722230
-5.997546
-4.833100
-4.450067
-4.664088
-6.307294
-7.204261
-3.683710
-5.790017
-5.676106
-5.311316
-8.406269
-4.702662
-4.755672
-5.106586
-5.291162
-5.836413
-4.726243
-6.765275
-5.949901
-6.037212
-3.915982
-4.570973
-3.969098
-4.861593
-5.460724
-3.850829
-10.020469
-5.249922
-10.085664
-2.453010
-4.520545
-6.633476
-4.893274
-4.630793
-5.021048
-5.508385
-4.821741
-5.192489
-5.480618
-7.200215
-4.210105
-10.045805
-6.776378
-5.759702
-5.855018
-0.900519
-0.113717
-4.704481
-1.965691
-4.252771
-11.508579
-6.542483
-5.102021
-5.530555
-4.983354
-5.655781
-5.670918
-4.311812
-4.172477
-3.359215
-2.412056
-7.374272
-6.440948
-6.700311
-5.156292
-9.566563
-4.900128
-5.022273
-5.589993
-6.371107
-4.261976
-5.433913
-5.737750
-5.017429
-5.086339
-5.302638
-5.118576
-3.626746
-4.058460
-5.339377
-4.111694
-6.795344
-5.150540
-8.595102
-5.479908
-5.931564
-4.739236
-5.154266
-6.125797
-3.953393
-2.644412
0.804863
1.046229
-4.403237
-4.600380
-3.845191
-6.530004
-6.583622
-4.712158
-4.860339
-5.515214
-3.912567
-11.353696
-5.656583
-6.967673
-2.304694
-4.679767
-4.629111
-3.710427
-5.547489
-4.416563
-4.795103
-4.986757
-4.959038
-5.825012
-3.904546
-4.042390
-4.181309
-5.779523
-5.586557
-2.647369
-4.682534
-2.785522
-6.601387
-4.307888
-0.494955
-4.555959
-5.222410
-4.368522
-5.264325
-6.124067
-3.465946
-3.433034
-4.225849
-5.247607
-5.321682
-6.643049
-5.203018
-4.468866
-5.200102
-5.997091
-5.729071
-5.101813
-4.958912
-4.308934
-6.629588
-9.195706
-4.758685
-4.209759
-3.894494
-5.200200
-4.368883
-4.374179
-4.995877
-4.366820
0.944951
-4.921477
-5.782308
-6.389020
-5.822572
-1.833553
-4.118607
-4.527532
-4.547272
-2.701811
-4.068097
-6.415347
-5.035783
-4.115406
-3.353207
-11.091742
-7.996922
-9.133544
-2.911324
-1.886117
-3.533963
-4.156127
-4.873258
-1.500420
-4.447812
-5.422573
-5.740679
-4.206823
-3.992199
-3.927023
-4.093383
-5.097323
-4.964623
-2.877466
-4.509847
-5.040818
-3.442276
1.357531
-7.250318
-0.397021
-2.645336
-4.306530
-4.376812
-2.988922
-9.234767
-5.577336
-4.089685
2.279540
-3.962132
-4.019233
-2.537115
-2.003001
-4.250134
-5.054198
-5.367606
-8.833702
-2.833855
-3.667495
-1.168390
-3.969953
-3.653195
-4.460066
-3.269251
-4.475287
-3.838350
-4.925079
-2.222532
-5.483885
-5.602801
-4.793821
-3.754985
-4.071947
-3.558351
-5.253340
-3.473497
-3.728751
-3.151956
-4.530080
-3.965132
-3.244451
-2.151781
-0.597561
-3.244833
-3.661867
-3.900723
-3.328546
-2.649259
-2.194602
-6.067808
-9.276396
-3.955779
-2.641757
-3.738122
-1.063612
-7.668254
-3.119309
-2.309412
-1.625638
-2.758798
-2.828400
-3.114205
-0.770253
2.170947
-3.324546
-3.287908
-3.725737
-3.265081
-3.726933
-3.091923
-3.025131
0.059634
-1.386553
-4.691138
-2.417588
-2.309090
-2.605711
-2.706808
-3.627508
-8.468723
-8.740419
-1.976868
-3.034498
-2.279143
-3.328924
-1.999497
-2.475095
-3.792370
-1.127921
-2.956046
-1.547222
-2.422546
-3.579975
-1.777841
-4.007093
-2.570127
-3.043878
-1.783671
-1.436962
-3.521860
-1.752311
-2.496671
-2.647676
-2.632196
-3.184774
-2.743614
-2.871748
-2.348152
-4.919321
-4.512724
-2.417863
-3.032337
-2.951106
-3.625752
-1.122813
-3.362382
1.465420
-5.018678
-1.382065
-2.488921
-4.838616
-1.779585
3.684579
1.899689
-1.944886
-2.297126
-1.698774
-2.113251
-1.740432
-1.494037
-4.412901
-2.857818
-2.505810
0.565483
-6.165196
-2.394620
-2.408465
0.128441
-1.195271
-3.530221
-1.351555
-1.591534
-1.694674
-0.210533
-2.144831
-0.879883
-3.205253
-2.134628
-1.545856
-1.689364
-0.581179
-1.764839
0.406480
-0.522947
-1.444770
0.116623
-1.553826
-0.942500
-0.011178
-7.370503
-0.320621
-1.486953
-0.783652
-2.603439
-3.047706
-0.432099
-5.000324
-2.369750
-1.552500
-1.514299
-8.254060
-1.231708
-3.284659
4.642606
-2.573686
-0.769023
-2.029949
-0.731312
-0.944694
-1.926463
-0.342017
-1.437786
-3.585489
0.453858
-0.209628
-4.071633
-0.638861
-0.928760
-1.088048
0.103065
-1.302643
-2.461043
-1.174506
1.535872
0.145146
0.984827
-1.011107
0.102919
-2.099566
-0.306696
-0.737067
-0.403384
-6.810314
0.454685
-1.830143
-0.223135
0.311139
1.066532
0.771830
0.408907
-0.868195
0.205209
-2.531190
-2.451524
-0.184037
0.036026
-1.670257
1.237681
-0.107690
-2.706000
-0.755202
-0.669326
1.082326
0.844490
-0.884889
-0.474411
1.492216
1.422386
-1.596496
1.050372
-1.170656
0.593671
0.825730
1.041253
-3.573385
1.862472
-0.468499
-0.304612
0.212459
1.413757
1.371408
0.838362
0.465394
0.000445
-0.073547
0.289322
0.597392
1.014957
-0.094252
-0.550820
-0.450187
0.714737
-0.122812
1.163624
-0.404988
-0.449554
0.165084
0.877504
1.564738
-0.523282
1.021009
-0.284923
0.619007
1.533060
5.991751
4.138164
0.877238
0.313421
-0.079909
1.234824
1.558874
0.540090
1.276299
0.662516
0.613316
1.566418
0.491140
-1.506302
0.969004
0.119438
2.102895
1.240801
0.507914
1.305022
0.696504
0.561100
3.049238
1.655979
1.691889
1.696015
1.806347
1.639493
0.218943
-0.834851
1.251535
-0.179154
1.105047
-4.435265
2.145037
-0.189412
6.167519
3.415910
2.107174
2.484041
2.693795
3.713285
2.448917
2.702694
1.480549
1.955738
2.611060
-0.405970
2.135004
-0.152352
1.381583
2.145228
3.231850
2.008910
1.576210
2.532575
-0.480796
3.322265
3.504924
3.556646
2.559779
3.350189
0.952161
3.055481
2.185447
2.523994
2.587093
-1.310894
1.573156
2.162127
2.567768
2.438618
2.590849
2.198825
1.775267
2.278659
2.722858
7.660759
2.744199
3.842526
2.493857
4.480872
2.454599
2.912056
3.282129
2.810735
3.333612
3.746766
1.180752
3.587472
4.240291
1.601312
1.356582
3.451407
1.806295
2.455795
2.027117
4.348944
2.142501
4.939530
2.919297
2.936875
2.343385
3.187760
3.189438
5.962745
4.115089
3.182145
3.322045
5.019161
3.873693
3.674668
2.790341
3.143974
2.949451
3.333913
2.818435
2.929926
3.588139
3.034898
1.504051
3.724408
4.733497
4.218967
4.198307
6.585477
3.833678
3.043750
4.875073
10.338646
4.929722
3.728178
3.852481
-0.527512
5.112034
4.731657
5.163376
2.022697
3.732276
3.226656
2.818404
3.209824
5.075731
4.039655
4.732104
2.888760
5.179792
2.909440
3.360152
3.256574
2.472458
5.442375
4.340136
5.871958
8.716897
4.601462
5.392378
3.214688
5.037537
5.432041
4.737669
5.668791
5.991727
7.805660
6.365740
5.619519
0.528043
4.690497
2.984546
6.969069
3.719713
2.560241
3.820990
6.366035
6.157205
2.869642
4.885908
3.740701
6.060913
5.379890
5.696486
4.604898
3.526065
5.743950
4.771715
5.722827
6.399017
4.223297
4.344828
4.297460
5.298182
5.111425
4.221465
9.345047
7.821186
6.834134
6.403316
-1.799031
6.272557
5.045636
4.995245
3.237645
4.217937
5.106132
3.797803
5.831416
6.064124
6.082511
9.299061
5.447887
4.821744
6.899925
1.470971
-1.030254
5.926883
5.118070
0.645014
7.169618
3.718589
5.318682
6.535151
5.747583
6.367255
6.668468
2.255186
6.612114
6.160399
5.922133
5.367145
5.125374
5.182457
5.322734
4.614396
6.783340
3.453906
5.167357
5.197293
4.636124
6.113590
7.225104
5.343665
9.445526
6.542392
3.172304
5.516089
6.282421
6.050576
8.240679
1.449808
5.576737
5.025781
5.436735
11.575121
8.011325
5.246875
5.492600
6.348632
6.130800
10.902674
7.683502
7.966884
7.733273
0.922754
7.589886
7.741143
6.399020
6.532311
8.619599
-0.419318
6.175320
7.191924
6.958518
10.359369
7.788559
7.418348
4.746691
5.664932
6.007383
7.483209
10.623308
7.366621
7.951286
7.780663
7.066093
9.066119
7.457885
6.487647
7.139410
8.281102
7.263918
8.890121
7.326983
6.593298
5.637349
7.785921
5.992587
2.274957
8.686415
6.565672
6.425671
6.911241
12.034421
7.523243
5.684481
5.836914
8.272175
7.362670
6.600579
6.306232
6.303225
6.143547
7.367215
8.451049
7.959435
6.718227
7.675307
2.476953
5.062173
8.946252
6.723645
8.780981
2.692656
1.240759
6.032059
7.795960
8.440555
7.628766
2.657348
7.951726
7.146998
8.129539
7.939493
8.953331
8.010349
7.073945
8.042269
7.173184
9.479772
9.993078
3.455609
3.174812
6.595158
7.219101
8.169145
8.323573
7.811746
4.625724
3.701380
8.344478
4.203906
7.679981
8.831859
9.074591
7.237320
9.769010
8.378518
7.307902
7.798930
7.203711
8.177575
8.270951
8.207889
8.401741
8.398507
8.697993
7.963413
8.356205
6.728038
5.325892
7.800829
7.180835
8.699923
9.154070
2.558451
8.317982
14.625207
12.921317
7.483567
8.182422
9.631288
7.429141
7.920946
8.610060
9.594137
11.180176
7.739618
7.794131
8.444785
3.555934
8.953539
9.742828
8.354541
8.134307
11.173817
8.753717
9.606064
8.729045
8.943427
9.840253
9.716733
9.350119
7.871735
8.525662
9.462754
10.043408
9.447181
9.510591
8.293416
9.921754
9.374980
9.528283
8.172215
7.658677
8.638444
8.201974
9.371478
7.129919
10.113180
9.204267
13.638938
7.707210
8.560705
7.719729
9.315031
8.017792
8.744353
10.777943
3.597164
9.172100
8.139456
9.116921
10.270941
8.374372
6.669307
7.455898
8.884428
9.754497
8.432982
8.509564
8.994166
9.155999
9.181767
8.122089
10.031978
11.967115
6.566161
8.670384
9.154826
8.624925
8.481575
9.232499
9.516830
8.797168
10.116755
8.878076
8.712601
8.962988
8.337963
8.503074
10.464513
11.317975
12.363071
12.052836
8.474041
7.531775
9.169081
5.562509
9.589473
9.874212
9.674127
9.694240
8.040106
9.226974
11.614649
9.919432
8.781686
7.364724
9.468314
7.809382
8.249996
10.271682
3.182313
10.210205
9.268090
9.492046
9.356949
11.217759
10.397890
9.044695
8.043062
7.482674
10.044450
14.396912
8.761087
7.870217
8.614076
10.298776
9.651981
10.936838
8.855376
10.014779
3.881535
9.816894
10.038415
8.605162
14.777680
11.224071
10.778697
9.154286
10.964581
10.222093
8.072265
10.888563
10.841002
15.417284
9.298608
9.367305
8.239349
13.489893
10.496749
15.788526
7.809256
7.768077
11.207960
11.086742
7.665704
10.169412
11.358187
9.659952
9.417241
10.419941
9.481742
10.289500
10.496691
9.465309
9.518085
9.489045
9.332391
10.022933
9.953473
11.030504
10.236026
9.424242
8.929976
8.597367
9.715996
9.093984
10.107406
8.006285
7.983000
9.381114
10.095099
9.786111
10.291661
10.751876
10.301449
10.986428
8.627162
10.132210
7.869508
9.843734
10.782205
11.029276
12.304727
10.165799
9.568762
9.459629
10.897326
10.249416
11.897143
10.913965
9.242076
10.846606
11.174974
10.312601
9.553394
10.092111
10.066778
8.626701
9.176905
10.175213
8.707514
14.965744
10.834621
10.648872
9.766255
13.861934
10.074746
9.831951
11.442411
10.035474
11.395490
10.213571
9.610303
18.000357
10.725015
10.185242
10.030941
7.086817
13.149312
10.681334
5.216436
11.003042
9.742191
12.126381
4.359212
10.258979
10.487696
9.716688
8.811908
14.174710
9.732404
9.382519
10.702244
10.482872
9.923072
11.673026
9.056851
10.420182
10.773769
4.988008
9.468786
13.255681
11.611547
9.811278
9.407769
10.642577
9.978450
10.950434
4.418442
9.416186
8.810451
10.272330
9.657631
9.685123
8.383019
11.216327
9.359603
9.853122
10.335067
9.954339
5.922254
13.068740
7.889088
7.179388
10.278709
10.172452
5.810530
8.775025
8.846847
8.950594
9.360812
7.865431
8.883547
10.705233
8.055908
9.267399
13.895170
5.367430
11.214880
9.668458
9.557154
12.052084
8.658193
12.122412
9.638448
10.039906
10.974739
8.675709
8.652834
10.876091
7.932597
9.852739
9.640054
10.798450
9.225755
9.522570
9.569449
10.388865
10.329512
10.077673
11.164419
10.206917
8.337864
9.530178
8.280162
11.035755
10.134700
8.640338
9.939502
11.132835
11.054899
8.646722
8.821614
8.035335
10.506680
8.760799
8.483054
8.673635
8.866744
9.215220
9.624357
9.708538
9.088287
4.240055
10.299726
11.162405
8.561451
9.122790
10.223069
8.435191
9.796172
7.004740
14.512294
6.732450
9.065339
7.757001
6.219522
9.146620
10.909442
10.304220
14.674823
10.342680
13.991606
9.392690
9.166861
8.468654
9.924857
10.008930
8.714870
8.886637
9.043882
9.748875
10.163333
9.597477
9.611120
8.889519
10.201077
9.218094
9.304047
15.091918
11.898266
8.979471
8.949364
8.101393
8.493583
8.941156
9.069829
8.463975
8.235880
8.466055
9.448145
10.586538
8.695480
9.113134
9.083199
9.406430
9.329499
7.714299
10.580908
13.805299
8.472138
8.611330
9.157266
8.797202
6.691731
7.031299
9.866149
8.984517
7.507491
8.763355
10.124479
7.654521
9.340389
9.523779
8.552333
8.836886
7.471599
8.882639
8.036076
8.656009
8.471190
8.715206
10.232202
8.530534
9.738377
8.593776
7.638619
6.407093
9.761057
9.405807
9.415014
9.719861
13.012001
7.120942
9.466577
9.297779
8.248858
7.937129
8.710339
10.027040
8.781724
8.234927
8.388118
8.044135
8.161978
10.149764
8.531100
7.494498
8.996998
4.877209
8.442617
7.231311
8.597127
6.786619
7.099107
8.526394
9.239361
12.054064
7.755444
6.437860
8.355849
3.228769
8.610018
10.277486
8.331648
7.991263
9.123769
6.174030
9.800396
6.907516
6.608516
6.819265
9.323940
9.659094
10.349411
6.647069
8.353588
8.569997
8.483697
6.684953
8.801475
7.350134
9.396991
7.992235
6.634625
9.714820
6.935253
7.260461
7.649087
7.026059
2.043787
9.699576
9.802549
7.426784
7.532092
6.939448
7.403752
6.486484
9.251710
8.354156
7.512344
8.516143
7.576594
8.993188
7.820770
10.741903
7.375921
7.887257
9.376825
7.594395
8.771843
9.326214
7.513398
8.149976
8.336877
7.030056
8.088513
6.971652
5.118740
8.946226
9.420182
7.486016
7.399180
7.114189
7.710517
8.061974
6.441617
7.749868
7.896789
6.224677
6.874912
7.611305
6.658125
6.215642
6.524614
5.770392
2.261243
7.636517
5.653534
7.966923
7.484242
5.584132
6.868610
7.554262
8.289425
8.839287
8.389566
5.250266
8.408272
6.646753
6.172656
6.314129
5.966953
6.854928
5.630896
7.908464
5.910561
5.437072
7.214475
7.892416
7.744643
8.232713
7.218366
6.739833
5.778150
7.433424
1.803660
9.210967
6.657676
5.011206
6.729801
12.316185
7.255870
5.077543
8.117188
8.416722
7.121014
5.939899
6.906505
3.762354
6.270998
6.599217
9.440444
6.944895
2.306173
-0.066657
5.007960
12.451063
6.515919
6.473039
6.347849
7.596776
6.668176
5.331154
7.211663
7.324605
6.380192
6.905097
5.695007
6.590091
5.564969
6.996914
4.181988
6.884326
6.637435
7.239050
6.909804
6.595547
5.944270
7.208792
4.421462
4.899703
12.034359
4.971036
5.273149
5.049542
5.488671
3.754982
5.930740
6.058435
5.064506
6.829473
0.882448
6.278902
5.852857
7.215143
5.106648
7.665894
6.586037
4.798505
4.609740
7.816852
7.432521
5.606265
4.620412
5.708440
6.403580
5.900231
7.661901
12.613217
7.489856
6.495928
4.906250
5.976496
4.861651
7.123009
5.162779
6.291068
5.503729
4.960044
6.051946
6.138703
6.133277
5.993608
5.657081
5.230054
2.657828
5.972975
4.586078
4.815772
3.803057
6.282076
4.431134
7.501380
6.576926
6.443642
5.624883
4.978148
8.762190
5.295730
5.166844
1.462289
6.490899
5.304083
2.533165
5.109307
5.748702
6.079842
5.862993
3.542001
6.151397
4.466989
5.666152
7.220747
6.519633
5.613670
4.960991
3.340989
5.837882
10.111752
5.327093
5.146725
3.443184
3.313744
6.022062
6.171705
5.923310
5.048983
4.803678
4.008153
6.322374
5.391221
5.049949
4.230571
4.988077
5.709808
4.405011
3.829560
2.017537
5.521130
5.129151
4.072156
4.843460
2.921367
4.011559
4.852323
4.907027
5.423474
6.000656
2.083899
5.224920
0.875704
4.964054
3.746190
4.013123
-0.177943
4.294130
6.751208
5.325442
2.868194
5.979670
4.088736
5.892621
4.011184
3.764200
4.711353
4.964038
3.889459
4.854355
5.096345
5.221803
7.288011
4.249923
3.960330
4.274056
4.041982
3.410827
4.556990
4.024741
4.982583
5.616371
4.172894
5.927592
3.891444
3.365700
6.215202
4.551154
3.171491
5.150324
4.660356
1.487046
3.512527
3.632828
5.999897
3.880032
4.686146
-0.637356
2.549541
4.232020
9.979681
-1.496013
5.754093
11.190371
3.663955
4.623755
4.822749
5.227773
3.704452
7.705246
4.114744
3.205500
-1.073130
6.385367
2.099408
4.678473
4.707135
5.146498
3.480145
3.994370
3.210156
4.250233
5.598722
5.087340
4.613567
2.536202
3.425740
3.521105
3.533721
1.785277
3.368408
2.854720
2.528481
-3.570108
4.851645
4.742311
2.860746
2.696193
3.228318
4.356692
3.272355
4.025884
2.109193
4.174249
3.720802
4.235196
3.103693
5.005988
-0.854437
3.548115
2.757489
3.294845
4.708360
2.629712
4.601146
2.895931
3.198762
4.093386
2.602369
4.360981
3.929021
4.294704
4.717218
3.900914
3.887294
3.662608
4.918681
4.457494
1.714246
3.343519
3.049892
2.875832
2.981900
4.067153
5.269754
2.904477
3.663567
3.585912
7.748312
3.915869
0.766623
4.082500
3.588975
8.723387
2.408865
2.151312
4.270578
1.205710
2.106052
3.932988
3.034964
3.624181
3.317339
-1.428312
1.333548
3.387803
3.309978
2.975090
2.455961
3.274314
9.939895
4.181063
2.405676
3.811319
4.424529
4.961805
3.660521
5.833117
-0.880094
1.756954
-0.548357
2.380984
1.230119
1.906116
1.905063
4.854956
2.863957
4.155699
1.548937
3.056158
2.396563
3.794347
2.861671
0.601121
3.261205
2.324977
1.908201
2.900721
3.420108
3.404081
-0.681476
4.054267
2.034782
3.368912
7.609308
2.568303
3.552571
4.156961
2.469098
3.079800
3.954166
2.268941
2.650495
2.173202
7.987133
2.714065
1.285810
3.322053
1.689408
2.879941
2.568660
5.576476
1.412989
1.893670
2.304715
1.434037
2.455243
1.811981
3.416818
1.717167
3.449359
2.940599
2.472562
2.213551
4.370365
2.515128
2.110281
2.206555
0.186628
2.515861
1.666280
3.180530
2.010596
2.801804
1.498348
1.208322
0.449610
7.028568
1.556951
0.712553
0.445909
1.674756
3.878621
2.939827
3.011650
3.155320
1.652958
2.182656
3.482643
2.648653
-1.162400
-2.463603
0.954496
1.497416
3.828989
2.729796
1.454602
3.756360
2.427607
1.214659
1.153076
5.917156
4.094933
3.775546
0.922231
3.962446
2.970758
2.855010
2.106447
2.155911
2.820482
1.635358
2.150873
2.206725
1.158111
2.735625
1.464306
1.685747
3.407635
2.354693
2.655999
3.039077
1.960782
2.337635
2.075332
3.679707
1.982504
4.904545
2.254769
1.443240
2.189528
3.092634
-1.755702
-0.433383
1.207376
0.601219
2.787633
3.144688
2.935680
0.974128
3.202564
2.736067
1.751651
2.608869
1.105679
2.648038
1.917508
4.077198
1.570534
3.137433
1.030830
3.485386
1.524318
2.825417
1.917332
0.831875
1.728373
6.111258
1.443564
4.315734
1.910947
2.344909
1.224030
2.719951
2.315722
0.450495
2.798214
-0.435682
3.703774
1.718818
1.630657
2.263756
0.942289
4.409710
1.495575
-1.609195
1.549368
1.245217
2.076816
3.169710
1.818790
3.129847
1.515665
2.359384
3.031578
0.805811
6.495493
1.954976
3.880927
3.610696
2.005284
0.884991
2.791465
0.352191
1.984937
2.675997
1.233016
3.151698
2.509286
2.470858
0.825850
2.691481
3.196499
5.328924
2.232711
1.939726
1.136550
3.903373
2.045937
1.009238
3.346750
3.533591
3.134645
2.948505
3.647462
1.411607
4.016379
1.012154
4.261007
2.168917
5.019640
-2.031771
1.564241
3.685159
2.692928
1.713315
2.064806
0.739015
2.467267
1.768102
3.604444
1.818531
1.760380
3.135880
1.591562
2.398962
0.946875
2.351116
1.426498
1.976080
1.563707
-2.305910
2.310866
2.404267
2.287201
6.506859
-3.014454
1.888666
1.288511
1.504983
4.288532
2.477980
2.154652
3.896331
2.252030
0.807222
0.988886
3.036658
1.903955
2.170804
3.873057
3.254987
1.659464
2.124380
3.480733
2.379321
2.447501
1.604765
2.586954
2.115854
-1.771447
3.911476
3.942613
3.645863
2.518713
0.960957
2.535383
0.999086
3.682248
4.069463
7.988944
2.490395
3.020633
1.547524
3.884591
-0.377406
4.004335
1.643636
1.257463
1.889824
1.688598
2.722230
3.218762
2.649060
1.932375
3.347132
1.859090
2.120918
2.343222
3.911016
3.236159
4.222287
1.828264
-1.086929
3.249390
3.176071
2.509497
1.764317
2.785177
2.985674
6.575054
1.434204
3.589884
3.890616
1.616686
3.048859
-1.082630
3.878258
8.817874
3.959688
2.578180
3.729796
9.577801
2.823715
3.584468
3.923492
1.847611
3.193438
3.465271
2.071322
4.831943
1.244892
-2.844315
7.104050
1.910612
3.252511
7.703854
2.953653
2.880554
2.523559
2.986655
8.164638
2.087886
4.028259
3.775835
2.382272
1.982111
3.849003
3.476188
-1.702414
1.373636
-1.053790
6.807317
3.487447
2.378083
3.672584
4.025971
5.633645
3.383192
3.206933
1.401235
1.749092
4.599461
9.680114
2.244631
3.478172
3.728210
3.123517
3.496175
4.402347
3.881456
2.312787
1.797104
2.651318
4.278036
1.818027
5.284192
3.810853
3.109703
3.558345
7.754642
3.308399
4.719072
2.022890
9.233787
1.474657
3.354151
4.676362
1.680499
1.769827
4.974250
4.550099
5.117910
4.709501
3.182349
4.119691
3.345654
2.165711
3.840638
5.238159
2.433688
3.852586
2.242488
3.484110
10.872408
4.777437
4.965295
4.423427
5.948905
2.702421
9.387163
9.578421
3.951069
2.132274
4.748075
2.739126
3.567870
2.640125
4.121039
3.420878
3.990292
4.354653
4.063544
3.786880
3.780941
0.242259
3.389804
2.993022
3.985950
4.655389
3.574569
6.181206
5.216771
3.140841
3.198620
3.278449
4.167473
4.551700
3.561564
3.808860
6.156459
5.796212
4.352992
5.509238
5.301601
6.014260
5.412713
5.151018
8.745647
4.242770
4.524134
-0.049139
2.570641
5.615465
6.050888
5.943213
6.291871
10.635476
6.633797
4.728743
5.084303
5.202241
5.993071
3.319346
5.453582
4.996206
3.821195
5.863049
4.260266
5.323874
5.703751
4.731193
4.693384
5.014368
6.726845
1.570543
5.555918
6.090511
4.361759
4.190899
6.110798
6.468255
10.825890
3.987679
5.199572
6.350374
4.285002
10.203538
5.178978
3.356118
5.447472
5.310956
5.905900
7.037919
4.525686
7.530913
4.672913
4.826814
2.032902
6.155205
4.844521
4.929003
3.394996
7.793639
10.218687
3.481505
6.976822
5.130402
5.343926
6.962791
5.728295
6.887413
7.852696
6.298860
5.997807
5.976710
5.906381
6.288184
6.267825
12.365306
6.012003
9.414190
5.489451
6.142009
6.005949
6.110387
10.333852
5.022208
6.287719
6.610134
6.105073
6.581502
5.685523
6.909713
7.782555
7.271504
8.261292
5.778439
7.786858
6.743419
5.816764
-0.377901
7.916113
6.883404
7.718812
6.584765
5.206292
6.853263
4.695199
6.282116
8.572362
7.972227
6.421909
6.530213
6.536033
8.192080
7.070513
7.533756
5.328699
5.715454
7.717175
7.181816
8.947239
5.390212
7.115105
1.320788
5.146052
5.257007
6.775699
7.725013
5.388599
5.786209
7.950229
5.995870
6.100266
7.068974
7.187190
5.805966
7.701953
5.731817
6.632932
5.859158
6.658417
4.179109
7.239644
7.398077
10.084634
3.839357
4.802598
7.695753
6.600335
6.906037
7.838785
7.201682
12.749682
8.517474
7.834135
8.719580
8.932784
7.618088
8.700980
7.672697
9.197464
7.116220
8.517913
8.848154
8.520690
7.218848
8.642829
7.783081
13.696802
7.529864
5.706206
9.151517
4.684907
8.469727
11.407668
8.136691
8.302631
7.182569
8.178811
8.579571
7.390665
8.379480
8.604595
9.290091
9.265821
7.969518
8.792347
7.885035
7.948098
13.396960
8.087032
2.834757
7.406545
7.724004
7.924694
6.755582
8.415106
9.149027
7.402550
8.393795
6.777698
9.898027
12.463988
7.078485
7.875643
9.260092
9.841572
7.983575
10.006503
9.020750
12.173125
12.838691
9.516983
8.736572
4.177991
13.916585
13.379489
11.855187
8.530707
10.132015
7.934139
8.662349
7.797811
9.818600
16.070820
8.696836
10.520647
8.752494
10.070766
10.439683
10.287744
9.010556
8.999736
13.833083
8.087610
10.139232
9.976464
9.419238
10.021795
10.729462
14.973144
8.657641
3.726971
10.668563
9.389966
10.567908
10.568097
11.112311
11.307263
9.262749
10.418124
10.307708
5.432873
10.178274
9.686536
9.224719
10.347554
11.341836
11.787068
9.831915
9.952474
10.423463
10.221647
12.732805
8.291269
8.481587
9.209487
9.873566
10.346207
9.839940
10.207893
14.857657
11.273554
10.940640
10.350367
9.369866
15.221678
9.760442
10.255068
15.323571
12.110895
10.244447
10.567747
10.028553
11.118829
6.015701
11.075920
10.523074
5.710686
12.203156
10.203865
10.412968
10.213458
9.984387
9.960066
10.002574
12.301142
9.471723
9.892150
11.871269
11.257023
10.725110
10.711285
10.662912
11.579148
6.119411
12.254146
11.067206
12.307031
9.935991
11.084471
11.833924
9.778961
12.439400
12.493289
10.830891
12.778111
12.687534
12.448421
12.495559
7.570071
11.372766
10.964714
12.017171
12.222404
12.946057
10.858521
10.260113
11.952365
13.307991
10.725398
11.325450
12.636635
13.332983
11.710713
11.992633
11.105686
14.200787
10.030038
11.442116
11.839622
11.283533
11.330115
11.579553
13.476384
11.228812
11.269068
12.794507
13.391495
11.755569
12.499313
12.594031
13.126584
12.140419
11.927456
11.817304
13.009294
11.976353
11.367872
13.022089
11.524493
11.192958
11.742604
13.607424
12.974862
11.810122
12.845378
13.046799
12.178077
18.734824
12.873219
18.475554
12.284858
13.820066
12.541110
13.276321
11.082041
13.756546
10.858839
14.515109
12.148938
7.693711
12.547738
12.495855
12.005276
12.064363
12.353954
15.312306
12.924633
12.161132
14.971469
13.544678
8.583759
13.572552
14.580208
12.414678
14.117617
12.667400
12.750032
14.513560
12.547923
13.395967
13.353050
12.089275
7.026016
12.108743
13.214512
18.075268
20.008441
10.393695
17.686673
12.531713
13.958432
12.432289
8.567842
13.083038
12.617816
13.568166
13.636113
12.794342
13.731534
13.823471
12.798835
13.456959
13.103957
14.352121
14.214713
12.002004
14.127202
14.495962
7.932702
14.608695
14.497829
12.639478
13.007813
12.412605
14.463508
12.492094
14.573833
11.752067
16.124413
16.089955
15.152782
13.905718
10.416334
15.144189
13.631689
12.683710
15.189292
13.897309
13.467157
14.127241
17.130235
13.535772
15.755585
15.868049
14.871417
14.729870
13.747616
11.005901
14.242028
12.748229
13.787040
15.087428
18.604522
14.719633
13.815211
15.382797
13.428114
15.104369
15.305506
14.492946
14.850097
15.129913
13.739853
16.378440
15.175688
15.449207
12.512382
14.402807
14.512453
16.371426
15.664049
15.595498
21.335922
13.004155
19.423099
14.388242
15.589752
14.278217
15.725260
14.791265
14.253223
14.879143
17.943418
16.356739
15.559510
15.146369
17.249984
11.063994
14.395919
14.355366
17.324636
18.669729
17.699253
16.331514
15.480360
15.898109
16.913716
16.841110
17.698760
15.029924
15.845269
16.212495
14.649032
21.256749
16.454567
15.361025
16.026195
16.632129
14.725199
15.770182
16.215770
13.684634
20.748553
16.875983
10.925077
16.891170
20.642222
14.301904
13.689212
15.383084
16.217802
10.636004
16.564880
16.885415
15.536221
16.724886
16.574203
14.683044
14.972542
9.982315
14.283199
14.450997
14.610090
15.768938
15.400912
12.976948
16.394404
19.472738
15.231112
16.926031
16.409973
16.263582
15.212192
15.323842
14.782579
15.552576
15.520594
14.801304
16.545260
17.149744
17.077552
15.450998
16.410587
16.953174
16.730091
12.794502
14.226913
16.144327
16.540408
14.864700
14.913895
17.330717
15.670822
16.567887
11.045060
14.812442
12.769652
20.743609
16.423365
16.142333
16.342011
14.626480
17.483409
17.047405
16.411376
15.584594
16.767367
18.354157
16.177941
18.111134
15.736491
17.121676
11.897249
16.780980
16.040637
12.049977
15.718390
17.065498
17.085569
17.003385
15.313845
16.036586
17.150819
10.856981
16.172134
15.555281
16.700639
16.795642
19.794661
16.175151
18.800260
14.550740
16.021565
17.695826
17.151753
16.407779
16.215886
15.517638
17.024165
20.347338
16.147554
16.714620
17.518441
17.498328
16.483468
11.342200
12.754177
16.893376
16.293488
16.379882
16.526093
17.321281
16.693008
16.263297
17.034906
15.848010
23.153644
17.064046
23.512388
17.679774
17.233888
17.674077
16.285694
17.827676
16.680992
17.581819
16.007275
16.892509
18.640917
16.567338
17.065997
19.492499
17.237953
14.727894
16.579962
11.094313
17.161320
15.718324
15.095568
17.622226
18.326824
16.375050
17.899959
17.764326
15.454049
18.008512
20.051776
16.072996
11.927153
17.137627
18.501084
15.214122
17.571069
22.231920
16.307274
15.899001
17.436986
18.694264
16.308407
12.279547
17.922298
17.703365
15.756404
17.162531
17.500997
17.469948
16.026833
17.023010
17.802343
17.143343
15.995861
16.634948
17.723107
15.915992
16.093400
16.422041
17.786557
18.648302
18.350165
17.286554
18.222369
16.005178
19.499185
18.249777
16.493540
18.930276
16.399448
16.784375
16.281080
17.251063
17.986607
12.324811
22.191889
16.849461
12.830974
17.135147
18.136326
16.998250
16.021329
17.919611
24.102163
15.674439
16.647738
18.256749
16.062741
18.833117
17.026684
16.733077
17.298528
16.523704
17.130081
16.907440
18.348278
16.313289
17.950693
18.269123
16.438691
17.551983
18.319186
18.256656
17.218169
16.946473
18.440456
18.939885
23.028013
17.390227
18.117507
17.840725
14.138079
17.176373
17.314422
16.168814
18.543161
17.404235
21.921928
16.429902
15.470497
15.887075
17.695926
20.191232
18.161311
15.539465
17.070200
16.319469
16.596047
15.903039
16.627564
15.549612
17.697745
16.888364
21.747852
16.553044
13.873261
18.320958
16.023017
17.545667
16.563332
17.906330
18.120580
17.737621
17.977285
16.822564
22.455846
16.439442
18.527512
15.573432
12.406344
16.927074
16.869331
17.437043
16.898044
14.613484
16.893105
18.872609
18.919562
16.050484
12.748024
17.016894
17.768419
16.301374
17.032317
16.475720
18.972586
15.123021
17.795614
17.684642
17.357212
16.952964
19.703225
15.968339
17.191972
15.683188
18.431430
17.810371
21.326943
17.043670
15.552118
15.975329
15.249606
18.609067
16.760329
17.712273
17.091476
21.922052
11.775956
20.526671
15.507422
16.717013
16.524857
15.375206
16.367049
16.035132
20.407271
16.148800
16.633189
16.866341
16.147415
17.502639
17.215222
18.518442
18.954099
19.700574
17.590530
15.921013
18.681187
17.607664
16.258975
17.246325
17.017088
16.726468
17.375780
17.457165
15.320047
17.397763
14.215290
14.504954
18.212829
16.812289
15.133127
15.541856
16.678577
16.992463
17.263345
17.405458
16.723145
22.321474
14.763177
17.134318
17.498076
16.657930
13.050898
15.852711
14.964324
16.734033
15.943774
16.986092
15.539684
15.475875
16.023595
17.525049
15.538915
15.835872
16.651824
14.482516
16.400834
14.971359
16.707509
16.079373
16.477013
16.360972
16.078407
15.986877
16.559704
19.081404
15.744806
17.177290
17.535530
16.221405
15.116402
18.061353
16.415312
15.420498
13.675538
13.839136
16.021540
16.321961
17.098733
13.329347
15.526726
16.252634
17.114244
15.528780
16.629859
16.076204
15.942969
15.795007
15.719190
15.578838
15.333567
21.014172
16.357391
16.033148
15.486768
15.210482
15.996503
16.160881
16.926492
15.115306
15.299310
14.012371
16.516876
15.620320
15.511004
16.536246
15.462330
15.445037
15.563292
16.875846
16.175460
20.674446
16.099746
15.710478
16.014210
16.230406
15.113081
16.613671
14.913607
14.042198
17.101312
15.518333
15.113913
14.482237
16.658508
13.979760
14.785662
15.548831
15.707846
16.133448
17.521780
15.211398
16.007802
15.194291
10.139125
13.463444
15.663049
14.836146
15.477981
14.761278
13.864809
14.243951
15.985466
15.536952
15.380112
14.161651
13.014428
20.972977
15.562890
14.093929
16.163458
14.349802
9.638218
14.813972
15.236095
15.842771
14.504151
16.613095
13.761258
14.010626
15.217121
14.980890
16.677467
16.528018
16.532416
14.544819
15.178139
13.498853
14.953290
8.708327
14.134669
15.218897
14.644601
14.597993
14.846162
13.936670
15.023711
16.526784
15.483069
14.367873
13.699920
16.179962
9.617396
17.907016
14.305145
14.967252
13.485596
14.545187
15.973618
11.187923
15.504032
13.090441
16.308500
14.635939
13.154670
8.793071
13.493526
16.250677
15.161091
12.105008
13.899282
13.504163
13.500012
14.227761
16.863151
14.813833
13.047989
14.612662
14.795232
12.990662
12.956456
12.889288
12.428297
14.135536
14.085544
14.806609
10.889613
13.903365
7.212724
13.871396
13.564868
13.496632
15.639657
15.861295
15.891504
13.347838
14.614247
8.866348
12.494235
14.249029
13.094192
12.027612
12.350324
13.818408
12.510092
12.911303
17.269778
11.650700
11.781781
12.774724
11.454604
11.351522
14.891922
12.758772
13.361941
12.341056
12.059221
14.487049
12.204396
14.150872
13.295246
14.676642
12.859493
6.135214
11.451040
13.742679
13.018680
13.350497
11.304122
12.854452
12.945128
12.278969
11.593590
12.610911
12.084426
13.342955
18.789970
11.030441
12.252771
13.436948
13.701149
12.491119
13.266912
11.727096
11.635288
12.384241
13.780986
12.213513
16.039863
12.639529
11.519914
12.400591
12.981068
10.698374
9.349082
13.339939
11.801635
11.701415
13.231826
13.892258
10.106755
13.355438
11.546534
14.834596
13.025415
11.568874
11.232322
8.464109
9.859775
9.824208
13.236875
11.293647
10.931345
11.270419
11.165270
13.311272
12.824796
11.281138
10.599400
12.584737
10.121236
10.782382
11.221423
10.693042
12.296612
11.271841
9.479370
12.126313
11.348440
11.538646
10.981619
10.311895
11.547354
11.365457
11.026137
11.350335
10.134795
9.418959
12.350249
11.895970
10.682189
11.337845
11.115898
12.100125
10.990650
11.885617
17.205208
12.214705
4.621556
10.833331
10.657222
11.070814
9.457522
10.767254
12.227942
11.141012
10.120280
11.318905
12.138542
10.009244
11.211939
10.440652
10.626152
11.544984
10.070564
11.854388
10.568725
8.993995
8.304913
11.247403
9.164618
3.900352
9.934266
10.241659
11.141110
9.541053
10.854535
9.614875
6.082574
9.479233
10.079926
8.836845
11.791903
10.278952
9.050125
7.514173
10.981709
8.120937
11.232005
6.523493
9.782841
9.523241
9.789313
13.899797
8.730236
9.422000
9.884954
10.213896
9.236529
9.702781
8.443403
9.166937
8.244266
8.407597
10.174718
7.380025
9.261094
7.045122
8.324340
8.530725
8.433307
10.736806
8.682200
8.906079
7.714999
4.585176
7.021163
9.565995
6.875122
8.774918
9.102315
8.445976
8.523997
8.784438
6.194375
13.419011
3.784623
9.998337
10.000557
14.561038
9.932488
9.608034
3.534592
10.221196
8.581110
8.070191
8.702452
10.134408
8.094287
9.406851
7.079988
2.917199
8.348013
8.080004
8.226379
8.378434
8.177105
8.902133
8.932261
7.352542
6.766977
7.958603
5.313355
8.422736
7.810236
7.785289
3.264711
8.628317
1.431080
6.395069
6.487120
9.046052
6.054756
6.488884
6.615017
8.585772
7.449869
8.292984
6.694150
6.181763
8.401722
6.988995
8.055261
7.947401
7.581440
4.638810
5.921217
6.908895
6.946238
7.216386
7.980261
6.727076
6.172288
7.550144
7.954797
7.619378
7.306379
6.735395
4.595971
6.519801
7.037106
6.220122
7.926902
6.280323
5.252353
5.688527
5.052903
11.543824
6.514063
7.227790
5.380640
7.032440
5.230943
7.327454
0.595746
6.308293
7.107609
6.484917
5.600389
7.081398
5.869153
7.405276
4.940947
6.349686
4.965663
5.827867
2.355143
6.153629
6.398349
4.371602
5.700605
6.268462
4.589371
7.579152
6.555506
5.981572
6.196403
5.789778
7.003066
6.732654
5.184271
5.974443
7.353095
5.971402
5.413854
4.862533
5.940398
4.534632
6.263341
4.767925
4.485555
5.389207
6.982499
6.148392
6.434089
5.219494
4.679482
5.176202
8.530588
4.681335
3.569987
5.015904
4.627252
4.489420
5.810033
1.474866
5.300275
4.788030
4.124382
5.556766
4.262898
5.990966
4.885490
5.250129
4.706331
4.346095
4.122968
3.587334
3.626381
3.816373
4.852413
3.924253
6.022360
3.157435
4.788143
3.817054
3.166150
3.238399
4.244556
5.808268
4.472910
4.332401
-0.313745
4.769138
3.672416
4.674394
4.459876
7.943880
4.397391
7.381777
5.529448
4.320569
2.470212
3.184541
3.776088
3.782910
-0.167329
3.505506
4.315960
2.350495
4.072017
5.384183
3.848830
1.566686
2.413710
3.850519
5.116549
3.756569
4.573792
4.006491
3.640441
2.085136
5.704713
4.089294
5.529790
4.280008
4.398875
3.935559
3.537990
4.328857
4.847124
4.438015
2.447761
2.934374
2.132472
4.503276
1.358308
4.681969
3.380352
3.831836
3.667940
2.546839
2.802682
5.252025
2.950205
2.103166
1.501638
3.135113
3.074054
-1.230739
2.734706
3.693961
3.645442
3.782390
4.094857
2.806699
2.233960
3.024343
2.420049
1.634930
2.472919
2.508793
4.268619
3.544474
1.626585
2.729516
2.327612
2.342051
5.304436
1.653679
1.328267
3.413655
2.536554
1.945561
4.370348
3.271361
3.274449
3.334799
3.024191
1.825518
3.697820
3.522183
3.104428
0.996235
1.982887
0.751841
1.067676
2.187131
1.395834
1.914979
-1.053543
2.017243
2.076745
3.832775
1.651106
1.113328
1.041658
1.758290
1.260316
2.698181
2.486462
1.155374
0.378929
1.825055
1.649003
1.267149
3.299565
0.700688
0.684624
2.117912
2.296688
2.011613
5.216461
2.297323
1.517778
2.041370
1.617535
0.500263
-0.179312
1.898912
3.097068
1.281083
-0.803523
2.049592
1.874969
1.209647
0.676375
2.058198
2.525152
-0.341416
0.163600
0.211094
0.301765
0.877715
1.696588
1.059296
0.575116
0.899797
-5.788426
0.049597
6.790343
5.847666
0.223120
2.585851
-0.584472
-0.181010
1.322021
1.403523
-2.846267
0.376583
0.397488
0.981120
1.178674
0.886385
2.176650
1.298916
2.040964
0.931684
1.136686
1.205838
1.948733
-0.148268
0.353480
0.308520
-0.976854
-0.372153
-0.021790
0.743014
-0.453978
1.371429
0.413406
0.264081
2.175896
0.390030
1.595733
2.109945
0.977092
1.402039
1.599093
0.602444
0.413287
2.615470
1.113527
1.994995
-0.638965
-0.455398
0.557698
2.357713
4.181036
-2.705670
-0.141200
-0.605628
1.439591
0.363653
0.060547
0.318802
-0.442534
-0.955261
-0.075561
-0.476746
-0.497949
2.552736
1.791744
-0.448150
1.147052
-0.227681
-1.804120
-0.017554
-0.361795
-5.886707
0.155077
1.045898
0.597419
0.261979
1.247240
0.426152
0.879073
0.880092
0.011878
-0.569083
-2.755601
1.709687
-0.177967
1.798486
-0.481456
0.149294
0.163218
0.154184
-0.460738
0.741740
1.801188
-0.571011
1.457093
2.099052
1.064808
0.939190
1.336768
-1.428747
0.628044
0.867682
-1.654267
0.729535
0.404959
0.481008
-0.546142
0.771265
-0.002318
-6.456473
0.168675
-0.438475
-0.219658
-0.363968
-1.013875
0.404729
-1.970507
0.913949
-0.510935
-1.538180
-0.827309
-1.763439
-0.562059
-2.504432
4.810825
0.126746
0.167844
1.131950
-1.945158
0.417099
0.563073
1.166790
-0.284144
-1.665206
4.029132
0.614733
8.485701
-1.490733
-2.190760
-1.353250
-2.641312
0.313104
-0.094714
-0.901773
-1.359306
-1.490370
-1.297883
1.002897
0.917431
1.146822
3.109823
-1.431135
-2.281504
0.476442
-2.450766
-0.577596
1.301604
-0.577216
-0.801980
1.730524
-0.631951
0.432764
-0.865902
-2.866937
-1.844442
-1.968654
-1.838790
-0.502341
-2.269748
3.772831
-0.602204
-1.513420
-1.777435
-0.080586
-1.481850
-0.559729
-1.967485
1.039283
-0.083370
-1.583613
-1.465731
-0.718857
-1.916500
-0.461630
-1.576288
-1.083669
-5.498335
-0.763557
0.454877
-0.573963
-1.329429
0.745483
-2.580667
-0.084392
-1.335928
-2.165540
-0.950052
0.435339
-0.160594
-3.366174
-0.932559
-0.703917
4.478227
-0.177506
-1.276780
-2.052412
0.757190
-0.700014
-2.645509
-1.229584
0.308785
-0.395149
0.543677
-0.820465
-6.052204
-2.298689
-1.545191
-4.027436
-1.144309
3.910771
-1.395499
-0.904340
-0.027653
-1.419652
-1.125655
-0.806830
-6.561628
0.111900
0.138189
0.402966
-0.308466
0.991850
-0.053946
-2.888730
0.106262
0.306865
-2.769641
-2.093190
0.725288
0.018154
0.849012
-0.926867
-0.590668
0.072577
-1.110746
1.394546
-1.376697
-0.171847
-0.758884
-0.684523
-0.240723
0.620056
-1.520628
-0.398898
-0.702366
-1.210859
-0.044747
-1.329422
-1.496787
-1.484479
-0.296436
-0.292913
1.354103
0.210910
1.421750
-0.266854
1.386818
-1.937615
-0.988358
-0.428080
0.693756
1.893573
-0.709839
-1.488603
1.079700
-6.615036
-1.948143
-0.190207
-0.107945
0.310197
-0.073118
0.343746
-0.483824
-0.789108
0.721818
1.329314
0.889329
-1.217320
-0.666588
1.614051
0.095796
-0.583913
0.919408
-5.704389
-5.618600
-0.449849
-4.920367
-2.236183
4.084949
-0.904542
-1.464527
-0.057691
0.399760
0.955414
-0.255078
-1.283942
0.630498
-0.549753
-0.007542
0.326798
2.436651
-1.125772
-0.390014
0.558976
-0.129913
0.189606
4.896712
-0.391572
-0.425997
-4.479895
0.376755
-1.031915
0.371665
-0.925191
2.120686
-1.231377
1.132293
3.007747
-4.781808
-0.622598
0.486865
-0.670997
0.705958
-0.654404
-0.241051
2.860618
1.001627
0.404453
-0.904805
-3.394668
-1.239623
1.534606
0.652975
-1.378594
1.453590
-0.121725
1.487674
-2.004667
0.475717
1.350617
-0.862522
2.163277
-0.044993
0.884507
-0.645186
1.826274
-0.752001
-2.132108
0.314757
0.961438
6.468483
1.098050
3.248606
7.911836
1.460089
0.460079
2.556596
-0.118171
1.751142
-0.213589
0.685680
1.021324
0.465813
0.876137
3.698892
2.303437
0.098741
0.617020
-0.518949
-1.083876
0.278246
1.141792
1.280839
-0.869472
0.394098
0.650264
0.679674
1.602847
0.315477
-2.896105
0.233483
0.355518
1.937137
-0.323360
1.505964
0.830062
-1.495894
7.134395
-0.975622
1.678088
-0.057985
0.582767
0.558386
1.068300
-0.043799
1.807330
1.144387
-2.918188
-3.905137
2.153674
1.206815
2.344765
1.997443
1.931644
2.301128
-0.649862
1.212382
1.532498
1.280939
0.742913
2.329815
-0.040160
5.209109
3.570196
1.909993
-3.249437
3.628036
1.031449
0.925201
1.262562
4.816245
3.903297
2.776389
1.368201
1.479057
-0.109420
3.013245
2.111365
-0.043411
2.243181
1.512344
1.574651
8.864010
1.943318
-1.658158
6.451405
0.539590
-4.432205
3.685094
9.542930
8.277683
2.062011
2.428787
1.034875
2.962045
1.304103
1.096620
3.250953
3.426688
1.547508
1.965596
2.215922
2.664049
-0.836309
0.706774
3.202718
7.445540
1.642530
3.941636
1.855650
4.426787
2.354548
3.011609
3.291719
3.065201
2.644825
3.608465
2.227359
3.946335
3.241607
1.788021
2.208204
1.600431
4.032926
1.723759
3.182647
-0.271187
3.245145
1.803582
-2.773547
2.213485
3.696911
4.518919
1.652847
4.479773
3.256458
4.095636
3.497974
1.613388
1.131720
4.882520
2.401704
2.881435
4.003787
4.125633
2.991599
5.231619
2.183793
3.431560
3.695729
3.815998
2.303350
3.726256
4.889413
2.926904
9.974488
4.490955
3.977514
3.287318
5.177536
3.444363
4.164366
6.204026
3.922635
5.874754
2.992956
3.742371
0.019618
3.543146
4.714875
3.769002
5.214717
4.729168
1.416363
3.671958
4.081124
0.603231
0.796613
2.684627
5.512279
4.557204
5.143918
5.557416
2.708089
3.618084
4.341805
-0.912085
4.831287
9.525193
6.174350
4.636006
3.594343
4.004095
2.958915
3.405815
5.754206
3.723162
5.515537
1.967018
5.462911
5.205592
5.253411
-1.815132
4.799302
5.533099
5.887281
4.526002
4.870302
2.379325
6.851881
3.845299
9.289775
-1.275335
4.629817
5.133406
3.921996
5.253372
4.667782
6.102651
5.796802
5.193176
0.165234
10.430343
4.896494
5.829363
8.427151
6.455404
6.273250
4.746939
5.150623
7.053922
5.211700
5.719885
5.809389
8.831779
5.436872
7.219992
4.119792
5.957683
6.837871
4.501689
7.764543
7.235619
6.099874
1.014028
6.013483
4.119561
4.865852
7.032223
6.230291
8.529760
6.725401
4.722069
6.610486
6.447819
6.623414
8.972656
5.594076
6.890586
7.715857
0.589140
7.201036
5.209272
4.548805
7.450229
9.939817
6.799490
8.023148
5.950760
7.923254
8.752797
8.407275
5.834981
7.111303
10.443396
7.574760
7.824080
7.011385
7.030798
2.926335
2.409741
7.588399
8.719735
10.619707
6.201574
15.018005
8.889524
6.412242
7.611663
8.310856
6.962862
9.069815
6.038877
7.763636
9.015000
2.619140
7.085850
8.216311
9.183617
8.043742
7.947376
7.397121
6.133980
8.436452
6.081002
7.869116
6.876603
7.039136
8.012264
6.663630
7.187330
8.084797
9.110719
10.692368
9.526367
7.357491
8.324769
9.365459
8.314175
9.426469
3.613255
8.706385
8.813790
8.551054
9.698833
9.404874
7.510204
8.991078
9.772027
8.974176
9.306340
9.907508
7.579085
9.888701
10.943247
10.803288
9.308345
12.312428
10.702490
8.309536
13.211683
8.487290
9.739336
8.873173
9.177267
10.150093
10.403019
9.540370
10.504090
9.060288
9.023864
10.929947
9.481746
11.725895
11.304363
9.687788
5.325585
9.202713
14.366188
13.471656
10.043531
9.965112
9.664585
9.912926
11.051235
9.662829
9.591505
12.219118
11.846126
9.371076
11.077893
9.872138
11.626761
12.151088
10.301899
11.391007
11.521848
10.421108
9.832900
10.749643
10.727377
11.288275
9.902341
11.518947
11.311401
9.744443
10.082347
9.766652
13.440450
11.713534
11.846432
10.169604
12.264187
11.331059
11.787310
12.022030
13.350857
11.911586
12.094039
7.297857
11.855471
12.206246
10.693147
10.766767
16.648736
11.819676
16.141594
10.887739
12.098437
12.675727
11.974306
12.227765
12.335390
12.577393
13.575453
12.603561
10.843635
11.162969
11.527918
12.358557
11.516699
12.144258
12.591754
13.283909
12.724718
13.030951
12.568949
13.085774
14.771108
12.761422
10.999095
6.906909
12.694170
10.863262
13.328059
12.161322
15.030392
12.147029
14.550400
12.695240
14.429597
14.141726
11.712919
11.372424
12.363156
12.189113
13.060056
14.795671
10.853020
14.413472
12.422147
13.400853
14.415457
8.705284
13.169463
14.571835
13.219600
14.590531
16.002800
14.041228
11.585976
14.353364
12.786137
14.683259
13.479718
8.676711
16.612391
15.251515
13.698461
15.778277
13.565991
12.899108
15.898020
13.197288
14.495800
13.124803
13.667431
13.586555
15.934144
9.219632
14.587858
14.532282
14.977013
14.032091
14.751208
15.600296
16.109525
16.402719
15.136104
15.901360
15.273282
15.289403
15.100411
14.049601
15.583833
14.528791
14.978004
8.968337
22.439315
15.451383
14.622298
15.416333
15.512912
17.615800
15.181459
15.552092
14.051839
15.594435
16.187625
14.339312
11.910958
15.861427
17.958316
16.034782
14.900018
15.366586
15.114167
16.948594
17.050462
12.698065
16.230795
17.070627
15.707840
16.616797
15.119954
16.258434
15.990719
15.228795
17.045847
21.346215
16.772334
16.712162
14.233922
16.925157
16.505692
11.278949
11.885834
16.064847
15.029668
16.330647
17.487820
17.002063
18.173901
17.322093
15.780372
12.696771
17.273378
16.155202
16.087380
17.578490
17.172949
17.422989
15.717942
14.040976
16.473798
16.956407
15.963605
15.652637
17.574908
13.197727
16.950047
16.670807
16.188892
17.166434
16.086871
18.607484
14.309883
17.209653
17.000088
17.399916
17.071658
17.652517
18.778155
17.757773
19.162141
17.003712
18.140734
19.141534
19.627773
17.541964
17.953087
17.954600
17.564620
19.750666
17.715217
23.602902
16.480423
17.843707
17.208895
17.066221
18.967898
17.542670
16.589000
16.996928
17.131138
17.685908
22.072396
17.946436
22.319686
18.194047
19.823287
16.991834
17.263218
18.935402
17.847991
18.227522
19.077246
15.398688
25.057326
22.687958
17.252463
19.526418
18.293323
18.750575
17.719741
20.102411
19.956282
19.593013
19.659755
18.673136
25.217780
21.343616
20.919503
20.318993
19.861351
17.549999
19.112729
19.335765
23.988235
19.514528
17.400395
18.911304
20.743803
17.743800
20.694884
20.923355
12.705493
19.752469
19.811440
24.226464
18.284622
19.431605
22.381520
19.876151
20.304459
19.913254
19.257592
20.319894
20.597939
19.690952
19.981126
20.304165
20.754717
18.795704
20.397581
20.161322
15.054561
19.754596
20.696683
24.575721
19.901461
19.398622
17.442822
21.594551
19.415547
18.506758
21.148240
19.282906
20.041126
21.320811
22.916685
19.551162
16.892967
20.770516
19.205827
21.339358
23.473163
19.489346
21.454555
19.170535
21.290010
19.841382
20.717331
20.879824
21.287129
20.888704
22.242544
19.936268
23.893062
22.486544
19.864206
25.748423
22.315110
21.537877
25.557284
24.803937
21.237246
21.271004
26.336211
21.316643
21.193609
20.436240
21.554035
21.775936
19.791114
21.356093
20.362010
21.145067
21.239709
21.568626
20.756976
21.674433
21.305341
22.535074
27.439996
16.694453
22.500042
21.592416
20.772587
22.007611
22.506433
22.070148
21.762972
23.000264
22.278826
21.276803
21.280759
20.301926
22.455947
21.496733
19.898371
22.559657
21.548175
22.833412
22.896441
21.284569
16.794679
21.523023
22.229018
22.121231
20.611168
23.610836
23.426393
15.862039
22.031961
21.181849
22.224126
23.545606
21.594131
21.013529
21.145337
16.620230
20.820115
21.612312
22.649492
21.846205
23.548065
21.601565
22.601417
21.612303
22.799254
22.353895
22.772198
22.398213
23.929299
22.716708
24.437701
20.413582
22.705560
22.776186
23.505342
22.102975
23.581896
22.414132
23.657372
22.335937
21.307300
23.115945
19.388760
22.610857
25.927956
22.369074
23.744566
22.463963
22.517309
23.039635
23.774663
21.772921
22.407653
24.319450
23.988466
22.606007
27.517353
21.468617
23.831432
24.323810
23.852987
23.370704
22.847915
22.443579
16.590462
23.895333
21.831182
25.060090
23.609003
23.207694
23.848346
22.833589
24.308619
24.725629
23.262899
21.752100
21.618230
23.253917
22.922467
24.299732
23.393000
23.497745
21.791559
22.690638
24.101356
21.207592
21.781185
25.267299
24.542759
23.189099
21.593659
24.147776
24.836450
22.707124
23.013366
24.677441
22.990121
23.770728
22.460458
22.393917
25.233813
23.900687
18.426406
23.481595
23.907058
23.082356
24.381947
20.895475
24.208339
23.378026
22.920171
24.392503
24.060498
22.446652
28.594561
24.907112
23.462491
22.534233
23.608502
22.449673
23.490741
17.679399
23.261389
26.385616
23.229770
23.472820
22.713560
23.623806
23.233590
23.831308
24.899070
24.552045
24.830954
22.945802
24.236067
23.633042
23.413604
20.447434
24.056392
21.606707
24.262676
23.653594
24.614881
20.642216
25.199383
22.351144
24.028011
22.776594
23.848361
25.722933
22.821088
24.629405
24.327594
22.629964
24.253220
22.825681
25.305895
29.302346
23.760403
23.089848
26.678657
25.360340
23.980774
24.687540
24.758046
23.381108
23.250768
23.785694
24.802349
24.288215
23.552261
25.458395
23.364876
24.211436
26.621587
25.028205
24.950563
21.561323
22.811777
23.277826
24.500087
23.709984
23.198360
23.373641
23.670755
25.199594
24.358685
27.784623
24.197502
24.337257
24.286626
25.881701
19.350366
25.603278
30.389454
25.239892
22.227122
25.959771
23.508458
24.319096
23.997122
28.935275
25.412530
24.118593
24.477946
25.553959
19.935515
24.269683
25.236790
24.370154
31.442219
25.504791
23.980377
25.325163
23.848835
25.811327
29.048725
24.314535
26.091513
24.509092
26.038766
26.996893
24.798113
25.760315
25.879011
23.373352
23.877659
24.066526
25.017431
25.546938
24.836994
25.838046
25.730086
21.139668
29.546349
24.603345
26.338017
22.718009
25.952144
22.920738
22.278735
23.678829
25.350900
24.931046
24.553361
23.919325
24.159971
24.838069
25.169386
25.657312
25.470107
25.089395
24.995172
26.668784
24.472096
24.257764
23.213530
24.303203
18.760775
24.071959
24.096031
25.442592
24.249122
26.134711
22.938028
23.156365
25.476733
24.092647
23.297612
24.734770
24.079514
25.011079
24.512595
24.390029
24.155704
25.678052
23.208425
26.090058
24.393354
24.039509
24.526067
25.631074
22.674967
24.525285
24.273940
24.877619
25.330079
24.640521
24.017877
24.906776
24.249269
24.967357
24.001036
29.849275
23.510600
25.603873
22.893771
25.587554
23.206128
22.222220
24.643544
26.961910
23.527646
24.021594
24.121368
23.995254
24.275693
25.577128
25.240810
23.230567
24.658635
24.871914
24.936584
18.662173
22.955062
24.137001
24.124721
23.796021
24.578580
24.955388
25.133480
24.032969
28.022959
24.053279
23.587859
25.236265
28.008597
25.363689
23.812270
26.254728
25.160516
26.816384
23.429722
23.114725
26.227982
24.665470
21.805720
23.380335
18.152669
25.086724
24.809779
24.380039
24.464034
24.456121
25.794431
25.734588
24.130135
23.836206
24.042606
25.140320
24.214021
25.107215
23.461038
24.685066
23.669541
22.858658
23.913195
24.463072
22.629440
23.957696
23.040560
24.353289
27.252000
22.822856
24.059768
26.771258
24.145867
24.275538
24.679162
22.798238
22.014539
24.177861
24.746991
23.502289
24.457253
23.134646
18.395045
24.442273
23.501934
24.040684
23.081240
29.650225
24.112340
24.666190
23.702687
18.020025
29.233891
24.894155
23.220630
28.576315
24.076784
24.209890
22.111672
24.288532
23.811888
22.937659
22.882585
22.426928
25.734184
23.198359
23.358179
24.434816
22.626433
24.231924
20.781056
23.449337
25.688569
24.773939
22.661682
23.121287
22.693460
23.513433
23.170682
23.893012
23.741084
22.522154
23.034055
21.450514
25.012848
22.200044
24.246952
21.653217
22.367841
21.498383
25.929318
24.589336
22.275125
21.675396
21.894113
23.243604
23.190604
23.507314
24.309105
22.857855
23.004375
23.620851
21.660466
21.876725
23.108802
23.548582
22.985520
24.255520
23.516185
22.305205
22.108506
21.193553
18.735387
23.088994
28.795370
23.787646
23.020367
23.450046
22.133114
23.025685
22.270003
24.555954
21.603516
22.055305
21.574723
23.633730
22.930506
22.670258
23.874407
22.564933
21.819397
22.684370
21.691155
22.522373
22.826730
23.727196
23.141436
23.275823
22.490646
21.507030
18.300454
23.637931
22.778710
22.057047
22.783767
23.437423
23.200028
22.228493
21.427690
22.236448
23.262553
21.323967
18.321136
20.929949
22.231478
22.341504
23.571863
22.596698
21.456636
20.669631
22.206080
23.056347
22.193131
25.359600
20.795957
20.784119
22.769149
22.525171
19.848662
21.122260
25.819241
21.987986
23.324856
21.783358
20.294523
21.348276
23.203322
21.402181
21.392140
23.875548
21.487872
26.400811
21.581782
19.910542
22.136829
22.876554
21.109198
19.212168
21.281809
22.050620
19.965765
19.483252
21.998813
21.169950
20.817145
20.866668
18.732815
21.709635
26.938015
17.361838
20.592982
20.110327
20.148976
20.964493
26.743095
21.416020
22.856812
20.861767
21.488365
21.048851
21.660059
22.745423
20.343135
21.265881
19.435802
21.312300
22.438819
21.055724
19.347008
25.035876
20.548196
20.213200
20.910467
21.535173
18.833843
18.980096
19.177782
18.890563
20.792541
21.991807
20.511428
19.377315
19.005199
20.035210
18.229331
20.968285
21.812218
20.938507
20.088831
19.829983
19.337025
19.062810
18.497261
19.978847
20.414022
20.384843
18.112842
21.539589
20.787937
20.262212
18.285686
19.678369
20.575102
19.861324
20.453910
17.654870
19.699309
19.371608
19.513794
19.201028
19.343562
19.877912
20.262574
17.687663
19.516782
19.760302
20.405915
19.839822
18.078183
20.011075
19.999544
20.224535
21.171548
19.545535
21.169079
17.823519
18.074250
19.519367
18.534547
24.802663
18.796297
18.783056
18.549817
19.149459
18.703324
18.059345
16.226494
18.905035
18.282196
18.972391
20.002512
18.130539
17.897724
18.298571
19.852521
18.405088
19.021868
18.260241
19.343056
18.686067
18.170101
17.136888
22.947128
19.551201
18.758171
17.058022
15.506776
16.124130
19.824905
17.150399
17.588764
18.237852
18.696637
16.949948
21.045897
20.038628
18.817628
18.699455
17.546575
18.631922
17.673602
18.247487
17.792421
18.673830
22.725424
18.416356
16.666164
16.856732
19.932595
16.882800
18.521011
17.795267
18.327299
17.866305
17.996160
21.008563
13.764876
17.251709
17.925701
15.953711
18.168649
18.749332
11.866422
20.773668
17.388517
18.297678
17.374081
16.321121
17.970156
15.660430
16.568022
15.147418
16.743967
17.637213
15.612977
16.005686
17.452593
17.986919
17.644895
16.777317
16.829520
22.280519
23.005960
18.170502
18.173605
15.651281
18.235098
17.149945
17.823559
17.704696
16.406501
17.581854
17.232833
16.317190
18.516921
21.825169
15.864843
17.370297
14.675643
15.579612
17.991106
15.209639
16.830406
23.177893
21.848353
15.087496
10.151888
15.387855
17.656285
17.578813
14.768255
15.305274
17.923678
15.912633
16.466125
16.263546
15.649565
18.399195
15.483295
14.360632
15.887675
16.435076
15.483698
19.191685
15.691793
15.241997
14.586308
15.255870
15.891617
15.534813
15.899915
13.268873
15.672752
16.849618
17.027422
14.497529
16.070394
16.776847
16.738005
15.222018
13.962204
15.026753
14.714715
14.398114
14.781223
14.017923
19.370121
16.698337
18.869979
14.898036
10.930906
15.996423
13.119784
15.123779
14.949313
16.969991
8.868817
14.085862
14.802115
17.122338
13.231616
15.217462
13.728150
16.391549
17.468826
14.582029
7.091038
20.126028
14.068096
15.122590
13.429719
14.684848
9.476871
13.914846
14.556375
15.424027
13.520417
14.039468
14.323994
7.935773
13.722904
13.339314
14.301703
13.700905
11.883153
13.835819
12.211305
14.049988
12.887141
14.525829
15.139672
15.092310
15.121746
15.163170
12.438846
14.182059
11.651617
14.504360
12.234851
13.664693
12.986689
12.827885
14.057790
13.983248
14.137875
8.536127
13.189485
13.460580
14.435831
14.152960
13.571266
13.468118
13.799013
11.942188
14.364151
8.029636
12.990168
13.172881
11.852167
11.326529
11.307358
12.305063
13.542034
12.642286
13.784063
13.554497
12.375518
14.315557
12.705346
12.940467
13.957168
13.379274
11.375920
13.197815
12.125001
11.804222
12.583108
12.375516
14.431544
11.921673
11.555119
11.674724
14.025426
12.420995
12.395474
14.163112
12.927708
13.001294
10.719067
11.191547
14.283204
13.572686
7.706561
12.479764
11.116873
12.761325
12.310769
11.879871
10.209969
12.320891
12.619293
11.686666
12.061224
12.440419
11.572497
11.521021
11.865216
11.244595
10.706785
12.544824
12.452626
16.139206
12.128457
12.012429
11.460715
11.740155
11.571533
11.436206
13.009715
12.670918
12.703709
11.975319
10.929445
16.668740
9.946181
10.718509
10.151311
10.619450
11.519481
11.520089
15.676290
5.035030
12.579128
11.156870
10.973191
12.211686
9.689496
10.486757
11.518809
11.118412
8.868693
9.860651
10.784077
10.300216
8.302849
6.587968
10.685136
9.411034
12.617051
10.003719
10.901929
9.059405
7.405749
16.743236
9.285207
10.552285
11.618317
11.068561
11.888498
11.645471
10.305299
12.265003
10.343665
12.036914
11.276798
11.557722
9.277422
13.113661
9.195050
9.782046
11.454320
10.300934
9.731996
9.681645
10.211529
9.589290
12.439455
10.111960
11.076129
10.726769
9.357214
8.665911
11.092277
8.876961
2.638037
9.177197
11.304683
9.743182
9.249498
9.384712
10.719231
8.946385
8.256403
8.402487
8.040110
4.754104
9.990504
8.514133
7.645613
9.433905
10.113146
10.130574
10.193147
8.650770
10.240793
10.525050
8.977066
8.865574
9.704761
9.164392
7.772865
8.937619
9.480535
10.335799
10.337639
9.760461
10.022137
10.647959
10.101613
10.506567
9.137581
10.563859
9.776357
4.339401
10.577597
9.120696
9.819953
9.254508
10.097225
7.895866
4.970290
8.296558
9.488362
7.879769
9.428644
8.999007
7.959779
5.090311
9.085072
7.484223
6.985661
8.519337
9.438132
11.253942
15.448222
10.766824
7.832481
7.806217
8.713622
7.279026
9.995449
9.265680
8.409799
9.688948
7.289211
9.324684
8.635939
10.846335
10.686761
8.333485
15.868302
6.705312
7.727570
8.285976
9.591430
7.548916
9.609633
8.735126
8.778187
7.769728
10.220637
7.524255
9.243624
8.005390
9.826075
8.831260
8.509985
7.457801
3.944677
7.872309
8.158567
8.692482
7.951130
7.951182
12.015916
7.859215
8.891555
8.519033
8.811512
9.043947
6.908033
7.924291
7.186872
7.365816
2.745739
7.155850
8.302114
7.572752
3.044896
7.228585
9.902401
8.399143
8.167529
8.449505
8.669783
8.811295
6.325833
7.767797
7.686064
5.117093
6.334626
8.725656
7.333057
3.808487
8.457964
7.852713
9.424461
7.399603
7.771082
7.599240
8.934019
8.744779
9.581117
8.518561
8.901011
8.219635
8.460342
7.951313
9.367007
7.889987
7.941700
7.861824
6.835405
7.957152
7.283768
1.623326
6.489397
6.809096
6.183142
12.095789
7.799053
6.803746
5.736895
8.016670
14.785277
8.660209
8.634215
6.065862
6.565269
6.925911
5.318076
7.251822
7.788473
7.937713
6.018584
9.129580
8.283305
6.549586
5.939161
6.351299
5.673636
7.702282
6.548978
8.223868
7.250897
9.344601
7.211443
5.181104
8.134316
6.436680
7.415477
7.776123
7.789907
7.137180
0.101296
7.504460
10.864416
7.196654
6.709416
13.047785
8.888106
4.074970
5.363472
6.089289
10.071028
7.204281
9.304865
0.514677
0.139248
7.394814
8.497247
6.144635
6.957085
6.679269
7.207577
8.052588
0.929105
5.167761
6.614824
8.046444
8.055551
7.760317
7.926088
7.096836
1.318304
6.820630
5.018639
6.964128
8.427545
0.583692
6.091183
9.808160
7.245876
5.772040
6.556363
3.608226
8.765834
6.693361
6.554671
7.217021
7.202478
7.773119
8.152193
0.713636
6.248922
7.514892
6.373083
8.020350
6.553243
8.519711
5.174936
8.144736
6.474236
6.053878
6.429928
5.991404
6.998459
6.104178
8.973987
7.371900
5.441500
6.554245
6.310414
6.419799
7.011282
8.753685
7.808187
7.583173
5.146314
7.216714
6.152963
6.897006
5.623976
7.416475
5.349067
7.764338
7.573680
5.309270
4.055565
7.812073
6.116737
6.315286
8.321680
9.939603
6.250959
6.781683
6.117127
5.551348
5.702022
6.734058
6.823618
1.239994
7.690757
5.425863
6.853337
5.893677
5.526798
10.085085
6.814968
6.136325
7.053031
6.900093
6.914772
5.765322
6.550745
6.914059
2.447707
7.155264
8.061763
6.283639
8.079089
7.552840
6.525570
6.557889
7.302761
12.398966
7.592070
6.959983
7.156577
7.133380
4.352739
5.969301
12.223454
6.189097
6.634010
5.836615
6.424656
6.957391
6.660418
6.520042
6.578190
8.284171
4.894052
7.978993
6.523017
1.802030
7.517765
5.210421
5.989510
7.515162
7.910188
7.801580
1.203792
7.308941
6.389598
5.403745
6.448748
6.909179
7.353100
7.055699
6.020218
4.847563
13.266164
7.431343
6.678510
11.372531
5.381680
7.127614
6.147325
7.283846
7.868767
9.094622
6.716315
7.552322
7.046426
6.542508
5.444452
6.707895
6.549732
7.489670
7.270220
6.225317
7.042093
7.558575
10.951933
8.052981
6.919144
7.153019
6.422928
5.068629
2.330680
6.525441
11.164402
2.514943
5.083619
8.421955
6.175332
8.372809
7.092480
6.728344
5.415020
6.032199
6.780786
7.092413
6.564796
7.345836
7.563067
8.194698
4.983357
7.589443
6.775210
7.531000
5.935267
7.596850
0.156782
7.991414
7.265798
7.178149
8.271689
7.372993
5.656056
7.610696
6.861429
5.967144
6.543946
8.165769
8.030658
4.595863
7.305209
1.781158
9.425451
5.145664
7.603484
4.259557
6.034857
7.273854
8.270437
7.274389
8.439915
7.021776
6.756929
6.439401
6.725240
1.450991
8.015621
8.100556
7.856282
6.525205
1.635558
6.204413
7.532467
6.071740
6.530062
5.365337
8.426788
6.931695
8.322217
3.904551
5.422205
9.350945
7.062218
8.035997
7.652427
8.179905
2.539621
7.734669
6.701407
7.246302
8.173042
6.695318
5.456820
9.721531
7.492107
6.156741
7.550677
9.814327
7.712302
7.582923
5.849760
9.204367
8.189076
6.981734
7.382761
8.747766
8.589941
7.458572
9.207748
7.307602
8.064451
12.209889
8.429245
8.149653
7.822231
8.303344
7.940711
7.717842
6.966787
7.090588
7.099872
7.773626
5.758973
8.012742
9.702355
7.908759
7.351403
9.133928
7.816560
6.547469
7.092486
8.883492
8.933791
11.454640
7.838341
8.356297
2.917124
7.539590
7.858289
8.712515
9.921350
9.159466
8.501871
9.110586
7.761875
8.483983
9.943065
6.621559
7.618947
9.778037
8.187305
8.576941
6.839353
9.155917
8.302733
7.722132
8.132356
9.032647
9.501641
7.373951
8.553580
8.679666
7.763432
9.187393
8.789330
8.811910
8.946731
9.567250
8.819337
8.111972
9.886134
7.155180
9.470985
7.876308
8.064867
10.398854
6.636439
7.918735
7.343540
9.211301
7.815198
9.830113
8.917363
7.156803
11.087986
9.533044
9.597889
8.620114
7.594674
10.165182
11.712225
14.027983
10.634886
9.702164
10.422025
7.303375
14.084177
8.829629
9.959164
10.852376
6.540293
7.273168
9.167682
9.568010
8.556029
14.280804
8.653442
9.488396
10.112407
11.149333
8.413036
11.128776
9.895273
9.145607
10.260345
11.008296
10.485423
8.004179
8.917233
10.597084
8.524829
10.581987
9.352262
8.849238
11.228604
9.976368
8.284511
15.428356
10.052427
8.576281
10.483205
10.770072
9.162274
9.861624
8.999565
8.684655
14.599532
9.499062
9.028347
9.868863
9.294732
12.371605
14.637407
9.352451
10.432227
8.743191
9.899783
11.364731
12.257201
10.709626
10.135189
10.206014
14.768392
11.234115
10.551227
9.582701
10.007053
12.655429
10.747441
10.962914
11.251694
12.846387
9.393219
11.122603
11.824537
12.149613
13.410051
16.047632
10.389334
6.655366
11.714792
11.347295
10.428213
10.655669
10.879527
13.640227
10.512971
12.811017
9.936459
10.973996
9.788504
11.624132
10.030269
10.648519
11.228742
12.241675
11.061675
11.105901
11.104552
7.686458
5.567938
6.437610
11.487040
10.737853
12.004357
9.722319
9.497491
10.625528
13.029833
10.898912
10.854742
12.730331
11.465425
10.189227
11.864114
7.870367
11.893957
11.334966
7.674909
9.209946
11.505929
10.914267
11.850432
12.872251
13.533693
11.393007
10.982028
9.536523
12.313538
12.015051
12.774704
9.306705
13.033850
10.938065
12.698096
11.655446
12.365666
12.306989
12.628867
10.796685
8.060141
12.422969
12.347835
16.515018
12.504976
12.481307
11.529144
12.607567
12.682094
12.647488
12.324290
17.553639
7.432990
12.646082
12.480768
12.657344
11.897954
12.386635
7.181124
13.972996
13.911406
12.255664
12.372313
12.980693
18.805062
13.474992
11.133511
13.208045
11.472304
12.826652
10.402460
12.828253
12.105494
12.107212
14.239902
12.321315
13.850943
12.792048
11.311171
17.172929
10.204432
13.161166
11.977252
6.180788
12.478862
12.680303
12.744935
14.405562
14.314575
10.948682
12.415792
13.742605
13.866598
13.607416
13.338024
14.408790
13.712046
12.597377
14.186762
11.945763
12.750804
11.586031
14.508486
14.644220
14.209678
12.658932
13.360766
13.181762
10.556052
14.183166
12.740888
13.191522
15.236002
14.120349
13.634824
11.468489
14.569949
13.608341
15.706076
13.047392
14.272886
14.839224
15.881019
13.620704
12.708059
14.226525
13.500756
14.376047
13.931322
14.724274
11.874323
13.466945
9.355058
15.026801
14.652447
14.910117
15.490048
13.832244
17.195548
20.362454
15.858892
14.180289
10.857508
12.725687
13.735592
15.880094
14.829646
17.697329
14.011718
17.780915
14.605952
19.410717
14.165553
13.898383
14.882685
14.555275
13.261293
14.892469
15.118266
14.281944
16.136587
15.454025
14.870465
16.093230
11.978357
16.559909
14.239567
14.883299
17.949112
15.958946
15.779785
13.806544
14.745192
15.127958
14.014457
14.838739
15.040211
13.442600
14.703420
14.880635
16.161326
15.661003
14.001646
14.606256
16.968018
14.155962
16.349448
16.214556
16.640242
14.884038
17.086047
16.589497
12.129694
15.452637
15.408376
16.142901
15.458989
14.811968
15.312888
17.530529
17.120771
15.173135
17.404637
14.847808
16.871902
14.735560
11.587962
15.202375
15.334230
22.265363
16.785302
16.366833
15.180221
14.898340
15.777312
16.222902
15.335490
16.474649
17.093188
15.111089
14.712367
17.916347
16.377995
15.922245
17.673329
15.616153
15.840154
16.095604
15.252202
17.509728
12.117000
23.050964
14.615858
16.606667
17.346668
16.979867
16.378131
15.772694
17.220897
15.405227
17.414400
16.770303
17.991256
9.483590
16.170401
17.433348
16.017274
11.627679
15.475282
18.214369
14.509612
15.946596
17.808091
15.789183
11.390159
15.561537
14.922670
18.347543
17.788327
11.946384
15.571418
16.943484
19.354984
17.086315
15.883162
16.917234
18.517244
17.680476
15.200948
15.857042
16.629962
17.651653
17.350638
17.125051
19.465424
18.915746
17.747698
17.316081
17.806383
18.099733
18.076401
18.711885
16.826402
18.251720
18.463326
12.774782
17.808139
17.092211
16.970290
18.267630
11.602950
12.741501
17.019363
17.444884
13.017347
17.317922
18.249628
18.215809
18.299812
17.905623
19.240154
16.324812
17.334667
17.655656
21.393606
17.036383
16.323182
17.609449
17.144258
17.194136
18.199768
13.083409
18.148877
14.449662
17.652698
12.532465
17.432749
19.014506
14.780701
15.496489
18.530734
19.914364
18.489041
17.789022
17.368762
20.437919
18.889058
18.441378
18.547438
18.203539
18.878750
18.375483
12.068727
17.961703
17.918324
20.028987
16.021761
19.413799
18.048063
18.184705
19.887130
17.296144
19.319890
19.571802
19.644845
19.087035
18.209701
20.075489
19.191660
14.847562
19.813635
18.816082
19.880144
18.890551
18.696745
18.971745
20.301906
19.822980
18.039875
19.617448
19.157109
23.531889
19.168013
18.488356
18.871960
18.443298
19.244841
20.046273
18.057118
18.245006
20.973997
17.027296
19.428551
20.567325
20.272245
18.825018
17.871655
19.163276
16.502708
19.164087
15.851839
20.371940
18.983511
23.619954
18.464346
18.906931
21.020851
20.365890
20.156108
18.611557
19.948461
14.094044
18.805015
19.404337
19.304032
19.750013
18.935030
18.423978
20.224431
14.209847
18.583420
19.731305
19.005909
19.419322
20.177192
20.744744
20.211732
19.518268
19.438499
19.523789
20.365241
19.017834
21.962700
19.142112
19.132937
20.194739
19.805589
19.667569
20.026142
19.648364
20.652425
19.101496
19.014671
21.399460
19.257780
20.104685
20.342587
21.799267
20.667118
20.087441
20.039751
19.890932
19.417953
19.351738
18.901104
20.822721
18.881862
19.071583
18.110295
21.144761
18.823794
20.031262
20.729820
19.689157
19.989242
20.458234
20.781534
19.665624
21.190935
20.669528
20.612789
15.778047
21.301478
19.825678
19.325297
20.880487
21.963721
18.647917
20.362415
24.419114
19.527921
16.750039
19.917465
20.940331
20.998970
19.905913
20.206928
25.475385
19.531570
21.757023
21.561520
19.804468
20.197705
20.992289
21.132650
21.114989
20.210525
21.176098
20.653806
20.145616
27.214974
21.264438
21.738473
22.603257
21.578103
19.929400
21.466188
26.247156
22.210171
21.864501
20.810942
22.283027
20.504364
21.814396
20.561610
21.064953
20.747259
18.090359
20.660146
24.522138
20.085099
20.492155
19.383299
21.344923
22.324632
21.291416
22.625453
16.270563
20.412896
20.968977
22.116613
20.026682
22.523604
20.154748
20.580645
21.904628
21.817994
17.786586
21.505399
22.048436
27.376966
22.693209
20.189177
17.515219
22.118287
20.421711
20.786458
21.204193
21.759828
23.470096
21.039637
22.760380
20.275971
20.377771
22.716752
19.176453
23.020695
18.211761
19.304710
20.065494
20.154850
23.348005
16.870146
22.151603
21.189438
22.383883
18.732687
19.769945
20.491131
28.248072
21.682948
19.832785
21.852555
21.966503
23.500793
22.171157
22.320602
20.132536
21.626015
21.795593
26.148393
21.920441
20.195290
22.618959
21.283673
21.719793
21.796293
23.303564
22.100103
21.435751
20.732666
20.228585
20.170040
21.611526
20.919703
20.449283
21.888893
20.866366
21.159774
22.676871
24.041951
21.291202
22.921880
20.739260
21.007830
21.025606
24.486414
20.449682
20.229748
21.881146
21.218448
21.753702
19.562462
21.849126
21.676941
19.277307
23.078570
21.742144
24.607089
20.597918
22.864804
20.641387
20.405475
27.095288
21.106330
16.291591
20.959277
23.488282
20.809953
23.005646
20.988321
21.620479
25.933392
22.187171
21.365613
21.779072
23.699088
22.177211
22.844252
16.759939
25.034876
21.645715
21.664259
22.626401
20.095508
21.610579
21.140517
22.441867
25.056405
19.910445
19.762425
15.954808
22.715698
22.320799
22.129865
22.318548
21.793499
17.232993
22.445757
21.948715
22.541243
21.512834
22.397830
23.231176
26.961328
21.775709
21.974008
22.324042
21.628757
20.930156
21.857842
23.074510
23.728288
21.400582
21.696640
22.857298
21.793318
20.826378
21.635695
22.394605
22.088552
21.032448
21.196461
22.239316
22.901508
22.066252
22.933962
23.223115
22.788304
22.459848
23.534231
21.364482
18.120841
20.422880
23.125332
21.977255
21.667909
22.785686
21.865764
22.008267
21.154942
23.386557
18.448463
21.980017
21.695575
26.288759
20.821977
21.801463
20.278250
23.397723
19.814635
20.566034
22.822087
26.600287
22.768460
23.139632
21.205237
20.696963
22.170837
21.557934
22.979010
22.611691
22.845886
22.127694
20.949458
21.863848
21.665762
22.307669
21.796733
19.444173
22.852804
20.269300
22.971566
16.575351
23.139962
20.521205
21.185866
21.245142
24.056987
19.741941
21.850304
21.152470
21.358033
22.005765
26.248153
20.876293
21.138494
21.028574
21.695512
22.279697
22.827810
19.878959
22.112792
22.571849
21.559462
22.261903
22.861518
22.515491
21.981187
21.951577
21.596182
21.429955
21.021579
15.489635
22.789359
20.422130
23.008722
20.867529
21.026152
21.299922
22.303240
24.022144
21.164593
21.547974
20.237450
21.765652
23.336739
22.046725
22.773212
21.579932
21.944653
21.152144
21.547171
20.608311
20.564300
25.138483
23.795121
20.218517
22.139764
22.651892
22.076898
21.168346
23.394515
15.877652
21.528753
22.654577
21.256896
21.361425
23.633383
22.502680
22.307676
21.636867
21.404744
20.606880
22.393708
21.299886
22.059871
21.658065
20.496871
22.297659
21.808613
21.496872
22.127719
21.297402
20.720189
22.675658
22.343939
21.044431
20.643159
25.180758
21.634846
21.287593
20.780702
20.752100
20.642819
20.036052
16.025404
16.607157
19.668538
20.434066
21.724979
19.621477
22.469611
20.503171
20.374491
22.664017
19.026680
19.966222
23.007144
21.369668
21.412792
21.361815
23.041024
20.252093
20.173939
19.489599
19.300074
22.820534
15.173107
21.336391
22.097249
20.842892
17.581163
22.021179
16.940585
25.375106
21.621372
20.518766
23.281252
20.302591
20.795253
17.999506
20.131129
21.209041
20.619529
20.266329
21.424702
19.573574
20.233200
21.580344
19.298158
19.003054
20.056908
21.281710
20.773071
21.733405
21.123692
20.547320
20.281460
13.208399
21.185836
20.745231
21.716871
19.872338
16.597446
22.039003
20.359638
18.174568
23.036479
20.243865
20.844125
21.752533
18.299730
20.532931
20.249681
19.982164
20.310603
20.438480
21.096992
21.758598
19.555702
19.241552
20.641832
19.476868
19.018896
19.975391
19.780760
19.734769
19.774571
21.638706
20.405047
19.676074
19.898242
19.477215
19.895022
21.532116
19.752347
22.471153
20.526946
20.331228
25.748251
19.118226
21.737193
17.830987
17.084172
24.467438
19.546323
21.020344
25.418247
20.326455
18.393366
19.125223
20.214235
20.235076
21.845001
20.339158
19.492921
20.992187
21.435210
20.010275
20.340471
20.141364
20.235874
16.526969
19.287352
21.826416
20.468310
20.611121
20.551409
19.422523
25.529205
20.374858
19.795365
20.165546
19.266957
19.243671
19.899627
22.446496
20.395032
20.717509
18.262837
20.609349
21.522307
19.445738
21.150214
19.498936
20.205498
21.349237
18.853991
19.097735
19.634600
20.235927
21.629952
18.496219
22.658068
19.133806
16.431451
20.197284
19.323979
19.365826
19.437193
23.965999
20.610664
22.201286
19.581961
19.655307
18.611726
18.646334
20.256246
19.044943
18.007966
20.604667
18.769267
17.784328
18.610619
18.892711
19.870691
18.980573
17.938250
20.654800
20.106246
19.471914
21.077590
17.647861
18.128960
19.820811
19.457222
18.442110
20.511532
24.131783
15.805393
20.750767
21.167899
18.462991
18.849612
18.650428
16.925993
18.850207
18.959901
14.099559
18.893436
19.448876
17.574664
19.060913
17.841326
20.034897
19.285143
19.840696
19.541653
18.105635
18.447342
19.810999
21.141487
18.434151
18.293390
17.585825
18.550472
17.389788
20.798569
17.140253
19.009350
17.516980
17.703298
17.075602
19.257158
24.441468
18.022278
17.838664
19.701407
19.704354
18.863671
17.022297
16.586893
17.615173
19.963466
19.169419
13.060299
15.906064
19.185016
17.854814
17.866388
19.283101
17.405033
20.177293
18.019950
18.101722
18.294301
23.423201
18.293599
19.897695
17.455686
18.795534
16.954178
16.728391
22.489923
16.750480
16.958748
22.978762
17.163633
19.866724
17.882877
18.265354
19.218912
16.019500
17.149795
17.568306
15.925275
17.175703
18.900721
17.986733
20.186299
16.976466
18.226271
19.731660
15.915732
17.429540
17.143325
17.303955
19.413158
19.027452
21.494321
16.738832
16.402023
22.372258
18.902425
16.326112
15.652283
18.893335
13.792425
19.482086
17.098560
16.748244
22.152299
17.704966
18.259630
16.932828
16.300522
18.005688
19.319362
17.096843
17.042298
16.399435
16.260201
17.421312
16.555199
19.413587
18.032882
17.004045
17.918792
16.628823
16.668937
18.360853
15.785713
18.788925
16.211477
16.975145
22.902447
17.415177
18.880225
17.112907
19.303960
14.817014
18.657323
17.605617
15.623304
17.260485
15.722156
12.153463
16.098838
17.479212
9.609412
18.063834
18.405990
15.533587
16.156782
16.445075
18.624856
16.897380
17.256193
17.277775
15.042224
17.232415
15.389706
15.468497
17.545956
16.681043
17.305668
16.270555
15.842343
18.212588
17.828327
16.454987
16.990978
15.995407
16.245627
17.440643
18.118860
15.974329
14.999708
16.822312
16.844512
18.628345
15.150049
18.799438
17.721625
15.884996
16.152906
17.016370
16.193261
17.111938
15.771800
17.022367
15.844512
15.920641
17.645724
17.082612
16.435850
16.120896
15.878835
16.450452
15.894806
16.029905
16.803947
15.551242
16.225834
16.494025
15.018960
16.994359
17.105377
15.943793
15.845012
15.833640
16.741257
16.003466
16.484737
15.568075
15.572658
16.568857
15.419172
16.044604
13.612730
16.722183
15.532410
16.362150
22.162350
16.425996
15.314949
22.286582
16.262744
16.894363
15.692091
16.554096
16.042122
16.438295
17.097948
16.776527
15.745942
16.530712
12.315628
11.977385
20.622982
16.856515
17.067074
15.511209
15.325226
15.098003
16.945797
16.152799
18.327151
10.620367
10.535218
14.901351
16.116776
14.365674
16.280621
19.274366
15.510515
17.110969
13.577797
16.985789
15.272511
15.374162
14.715333
13.730997
14.575686
14.903623
16.345998
15.021938
15.359285
19.509060
16.147269
16.716512
16.042092
14.007696
14.353004
15.553060
17.264130
15.254837
16.174812
14.593041
15.303615
14.385950
14.623201
15.344987
15.276228
14.647465
20.402277
14.532960
16.679473
14.664781
13.563055
13.747773
15.762732
14.235100
14.484314
14.377452
14.339548
15.256314
16.104842
14.706615
14.516335
17.985217
14.531429
14.136556
14.837877
16.627118
10.525007
20.746144
14.505630
14.677513
17.125758
16.544167
14.129027
13.323835
14.542264
14.791202
14.458296
14.258687
15.082593
14.179370
15.668517
14.588494
15.722800
15.787820
14.931670
14.704362
19.551950
15.702046
16.159550
15.094656
14.723380
16.268631
10.733494
15.088956
14.909375
15.866026
13.658076
10.063588
14.755866
14.534741
13.619719
15.725566
14.378349
17.098516
15.543071
15.131821
14.197881
12.980423
14.938983
14.204589
14.579291
14.085484
14.038103
15.046675
13.902944
15.756147
14.359221
14.460390
17.013198
12.469497
13.416270
14.247586
10.077243
14.347763
15.724591
17.361589
14.320453
17.492727
15.237561
13.725738
14.542451
16.821049
14.457332
14.296088
13.804884
15.562077
14.689294
14.088368
14.641582
18.029219
13.230191
13.993368
17.986801
14.682169
12.890518
15.077124
14.451735
14.367244
13.737458
14.039706
16.350582
13.418301
14.100336
17.676013
14.204248
13.654200
15.188844
13.286984
15.842946
19.152568
13.944647
9.268432
15.073528
14.295016
13.985703
14.982008
13.507615
14.418501
14.242851
15.167665
13.646415
13.844680
14.186422
14.801049
13.699432
19.908035
14.374763
9.657484
14.178573
14.918025
13.741288
15.484246
12.965657
14.966885
13.118862
15.026519
15.750212
13.469369
14.974364
13.307506
12.454797
14.742080
9.162566
13.796421
14.073496
13.547753
15.201191
14.255820
13.277249
15.355089
13.253254
14.465347
12.951461
14.698551
14.425478
14.464106
18.422570
13.530984
14.261467
14.117471
14.755042
14.458509
13.555864
15.299203
13.049436
9.462279
13.086279
15.638675
16.421846
13.980263
17.280010
13.260771
13.915442
16.464223
15.266922
13.753119
13.557225
15.426418
15.446431
14.362790
14.983056
14.711243
15.433696
11.933510
13.136413
13.797412
15.395696
14.352351
10.829190
12.777735
13.441891
15.321785
15.177062
14.516288
14.089258
14.538940
10.574137
14.912429
14.273877
13.113170
13.968281
13.278171
14.763932
14.277045
14.178541
15.177684
14.498245
14.544363
12.322392
13.887204
15.026777
13.823435
15.368399
14.984026
16.917463
14.528334
15.651105
12.841998
13.404548
13.501070
9.995470
13.070070
14.299944
15.319955
14.601450
14.743882
13.677474
15.584295
13.605271
12.501158
16.081130
15.166212
12.784799
14.729850
14.272847
12.537686
15.562912
14.498037
12.708218
13.982136
15.026720
12.113222
13.289970
12.851316
13.190509
14.198926
12.810519
14.886323
12.439111
14.798906
14.037325
13.347371
14.193614
12.926760
14.051107
13.863577
15.630851
12.822178
12.695964
14.440231
14.892672
13.704792
12.554446
13.628760
13.452669
14.341220
15.628021
17.941258
13.265779
13.323912
15.384114
17.328628
15.231602
15.051094
8.874605
14.557081
14.144114
12.348436
12.894170
13.118851
14.989187
13.338809
13.908343
13.954067
13.895473
14.232492
15.001038
15.177811
9.524774
15.004614
12.351436
14.480461
14.211359
12.988280
15.104288
14.283455
19.573635
13.840621
14.820958
14.937054
16.983347
15.416293
14.939187
20.209242
11.843962
15.333802
13.761853
15.486655
15.903025
14.182356
18.444283
13.276455
14.704251
13.361978
11.283433
15.281246
14.212326
12.429975
8.278379
14.694374
11.735092
15.562165
15.182464
13.349853
14.929816
14.721802
15.628367
15.905063
15.124280
12.379522
13.861285
13.452088
15.367363
16.420470
15.704635
16.466373
15.860927
14.035554
15.541549
15.001780
15.097140
14.740407
16.099271
16.751066
13.626520
13.580131
14.939326
13.715511
16.024398
13.972312
15.295815
15.273810
17.547855
15.707446
9.489127
14.660322
13.154069
11.501917
14.994835
14.348492
14.975550
13.915516
15.223021
12.964057
14.420521
16.804285
16.613783
15.742405
14.494280
15.280194
14.370306
15.147900
14.233585
11.208820
14.788821
15.002877
15.846283
15.932424
17.618626
10.309475
15.654016
14.403842
14.228483
15.934052
16.370470
15.306071
15.390093
15.489434
11.579708
15.739101
15.357462
15.100304
15.175728
14.239354
15.754608
14.567700
16.234332
17.220264
15.052329
15.887425
16.982578
14.377391
15.177280
15.472180
16.506425
15.058448
15.826705
15.794479
15.384360
15.826577
15.158156
14.294551
14.716966
15.238661
16.040142
17.431822
15.948428
16.209125
16.327415
17.453706
14.347340
15.427762
17.100332
15.863466
14.169952
14.677609
15.616673
16.008742
10.694017
14.363985
16.647321
15.184701
21.933725
16.886058
18.008730
16.368620
14.148269
16.732661
15.882782
16.268814
16.292852
16.133950
16.664589
15.003261
16.536941
15.327957
17.106894
15.084877
16.585284
15.226827
16.458470
16.159339
16.475500
15.197044
14.665953
16.385435
21.187798
16.479435
17.847569
15.799942
17.976964
18.010850
17.123848
18.011211
16.494744
18.047599
15.686574
20.881797
14.804535
15.529923
16.582241
18.205840
21.045342
16.729403
14.444363
16.885209
17.005741
18.352658
18.288484
17.356489
17.039468
16.542374
18.054428
10.807794
15.804559
18.081205
16.149360
18.273620
15.486331
16.201280
16.856094
17.270189
15.168509
16.770750
16.299776
16.409641
17.201544
17.120413
17.055133
18.747353
16.362652
15.454174
17.043036
16.549957
18.335848
17.727891
17.225268
15.132757
18.184699
18.215792
16.187229
19.201805
17.203172
21.078899
18.993790
17.836931
15.281972
15.306167
17.479460
17.260529
16.402296
18.086037
18.818541
15.227897
18.992139
17.954535
21.584868
17.545699
18.116407
15.978139
16.519164
17.355382
13.186054
18.068823
17.736542
13.229143
11.980911
19.701431
16.996241
18.679436
17.216526
19.104463
17.102418
16.137424
12.397823
20.022014
17.933064
18.283878
16.648162
18.511816
19.140404
19.049434
23.909155
17.323381
18.203944
18.404624
19.042341
19.372154
17.760547
18.020779
18.722435
18.542884
19.679606
18.225695
12.485470
18.322606
17.833960
18.605256
19.320666
17.282494
18.554640
19.133577
17.802714
19.338231
19.376931
17.579557
17.387612
18.654421
18.630761
17.880542
18.235799
19.838230
18.407987
18.254912
17.961817
17.703062
19.243174
19.524280
19.274182
19.262726
19.730913
20.341322
19.096710
18.575230
19.572880
22.212431
13.464141
23.297582
20.630921
19.382421
14.707910
17.778967
19.358210
18.997823
17.885318
20.099257
19.221318
20.448932
20.189534
21.910348
17.882946
18.617809
19.675313
19.867516
23.881961
19.798418
19.197295
15.242855
18.745290
19.420796
19.233354
20.247436
19.487736
12.180341
19.881101
19.495257
21.768161
19.476308
23.957103
23.479260
14.402825
20.689087
20.052693
18.325602
18.845634
21.758225
20.474928
18.766089
21.908480
20.553801
21.127601
21.066857
18.684538
19.681509
19.712812
20.110819
20.746762
21.345805
21.890974
20.520372
19.949439
20.889464
20.925070
18.374372
20.846969
21.329320
19.059050
19.825749
20.211551
18.904528
19.704992
19.936697
18.501422
18.473802
15.752645
19.832673
19.375889
20.349808
20.320826
19.805519
19.349698
19.278220
20.759323
19.629068
18.607618
18.805758
21.710832
22.094116
21.619805
20.410347
19.604687
20.640918
20.320846
21.920531
21.763487
26.691569
21.661280
19.308106
19.854197
23.539852
20.507582
21.986845
17.570269
20.227514
20.086572
21.222469
21.460495
19.994785
22.438707
22.588544
22.116248
22.403738
21.181145
23.073843
21.238737
27.123307
20.660880
20.681103
22.210569
21.361481
20.498032
21.452583
26.039056
21.289755
21.412754
21.765695
22.428104
23.560326
22.084544
21.649470
25.699725
19.521673
21.203329
22.386535
22.173935
22.440621
23.807969
22.643008
21.166776
21.110370
19.454180
20.619602
22.021765
21.477945
22.113608
23.231456
21.934515
21.785845
21.233731
21.495892
23.471211
21.187171
21.611029
23.847496
23.124155
22.172208
20.686159
21.617785
21.945199
22.218655
23.441167
22.228782
22.749446
23.021667
23.583644
23.243629
23.967242
22.546617
22.036764
21.111108
22.080421
29.998576
21.404816
22.010388
24.348641
23.904293
22.801099
22.325169
22.757712
21.499958
23.211029
21.470225
23.236813
22.284591
21.455238
23.988525
21.695668
29.718399
23.237191
23.635453
19.844585
24.327423
24.894282
24.019075
29.136062
23.041745
21.646728
23.356568
22.489037
23.619257
23.276137
24.506436
23.797824
